
### Final results ###

Per-class results:
		AMOTA	AMOTP	RECALL	MOTAR	GT	MOTA	MOTP	MT	ML	FAF	TP	FP	FN	IDS	FRAG	TID	LGD
bicycle 	0.303	1.403	0.466	0.734	1993	0.336	0.466	32	63	16.9	912	243	1065	16	6	2.20	2.56
bus     	0.641	1.031	0.661	0.875	2112	0.575	0.624	50	35	11.0	1389	174	717	6	17	0.96	1.59
car     	0.547	0.955	0.693	0.799	58317	0.523	0.378	1746	966	132.9	38149	7651	17893	2275	624	1.02	1.52
motorcy 	0.414	1.291	0.509	0.848	1977	0.421	0.498	30	50	11.2	981	149	971	25	17	2.48	2.88
pedestr 	0.251	1.548	0.438	0.641	25423	0.246	0.637	272	787	81.5	9742	3495	14277	1404	454	1.99	2.94
trailer 	0.117	1.505	0.231	0.523	2425	0.120	0.915	22	107	26.1	555	265	1865	5	14	1.10	2.08
truck   	0.273	1.351	0.523	0.596	9650	0.294	0.553	161	192	50.5	4762	1923	4599	289	166	1.65	2.64

Aggregated results:
AMOTA	0.364
AMOTP	1.298
RECALL	0.503
MOTAR	0.717
GT	14556
MOTA	0.359
MOTP	0.582
MT	2313
ML	2200
FAF	47.2
TP	56490
FP	13900
FN	41387
IDS	4020
FRAG	1298
TID	1.63
LGD	2.32
Eval time: 1614.7s

