
### Final results ###

Per-class results:
		AMOTA	AMOTP	RECALL	MOTAR	GT	MOTA	MOTP	MT	ML	FAF	TP	FP	FN	IDS	FRAG	TID	LGD
bicycle 	0.278	1.514	0.400	0.871	1993	0.309	0.436	25	76	6.6	707	91	1196	90	58	1.87	2.43
bus     	0.480	1.299	0.564	0.941	2112	0.509	0.601	34	35	4.3	1143	67	921	48	59	1.56	2.46
car     	0.487	1.165	0.566	0.950	58317	0.512	0.374	1186	1365	27.5	31446	1578	25297	1574	1379	1.36	2.09
motorcy 	0.340	1.434	0.454	0.942	1977	0.377	0.452	24	47	3.5	792	46	1079	106	68	2.30	2.94
pedestr 	0.260	1.486	0.366	0.722	25423	0.236	0.627	216	971	53.7	8302	2305	16124	997	424	1.95	3.32
trailer 	0.094	1.830	0.208	0.659	2425	0.128	0.699	10	92	16.0	472	161	1920	33	37	2.96	4.85
truck   	0.252	1.504	0.404	0.766	9650	0.289	0.522	98	256	23.2	3647	855	5751	252	270	1.94	3.15

Aggregated results:
AMOTA	0.313
AMOTP	1.462
RECALL	0.423
MOTAR	0.836
GT	14556
MOTA	0.337
MOTP	0.530
MT	1593
ML	2842
FAF	19.3
TP	46509
FP	5103
FN	52288
IDS	3100
FRAG	2295
TID	1.99
LGD	3.04
Eval time: 1293.7s

