0,1313.2210774154114,1037.0078807763593,-0.06352556496029657,1.9439234733581543,4.7314348220825195,1.5794824361801147,0.3177965468230688,0.0014065954840670244,-0.009045205287399964,0.9481147401964524,-0.004881973235100624,-0.0022333318975685554,0.7822004556655884,8687ba92abd3406aa797115b874ebeba,
1,1313.2346305915678,1036.9991389918846,-0.04795963238032451,1.9373371601104736,4.711791038513184,1.5747973918914795,0.3199382270245909,0.001460884714796699,-0.009048680506520773,0.947394066946433,-0.005233286000976925,-0.002394082601267807,0.7810958623886108,5bbeb4e68d51413f81a370cb33ef27fb,
1,1284.484794786633,1032.1942431778214,-0.5507030960927946,1.9392441511154175,4.5190815925598145,1.6958460807800293,0.8827499071575775,0.007270931165201495,-0.005580892675004358,0.4697537531624727,2.5992778206272766,3.100870285256035,0.6028319001197815,5bbeb4e68d51413f81a370cb33ef27fb,
2,1313.2253153049378,1037.0091199930084,-0.05488698404023393,1.9392446279525757,4.724085807800293,1.5828232765197754,0.3202412989240364,0.0014828470700072142,-0.009087754379168535,0.9472912563453528,-0.005575437270580474,-0.0025507108237636106,0.7852612137794495,e9a1c915c0d641d0b0a3019112a1ee90,
2,1279.1302649347813,1036.0788559337377,-0.5415005420787644,1.9629638195037842,4.701596260070801,1.7401574850082397,0.9073678115672599,0.007610126299229606,-0.005183829935375945,0.4202366814267321,3.5068185289399416,3.1247145345778886,0.6001166105270386,e9a1c915c0d641d0b0a3019112a1ee90,
2,1286.1073550639007,1033.846688450677,-0.5735981547020936,1.8797082901000977,4.423648357391357,1.5769808292388916,0.9192335280027297,0.007758018705115064,-0.004959764194012722,0.3936050493585743,2.888225030264903,2.9122516370699967,0.5682147741317749,e9a1c915c0d641d0b0a3019112a1ee90,
3,1313.2365973708556,1036.9941877320277,-0.05160409162485406,1.9267466068267822,4.687671184539795,1.5567456483840942,0.3222166762693008,0.001485300658552884,-0.009113284893594644,0.9466209143339094,-0.00528121496030697,-0.002416168518100465,0.785341739654541,f5b8088835f247b8a5434a9f0daadc20,
3,1280.732479890151,1037.858153653782,-0.48895847513510426,1.970207691192627,4.721902370452881,1.7635514736175537,0.8767674869917204,0.007248076464354219,-0.005720442916854638,0.48082586835009755,2.8679896011206667,4.119222761314089,0.5708070397377014,f5b8088835f247b8a5434a9f0daadc20,
4,1313.2357399615819,1037.0117492737902,-0.06088994357214892,1.9269540309906006,4.689920425415039,1.5642813444137573,0.3306063840697343,0.001578830167732468,-0.009192593699787269,0.9437226405722752,-0.0049710573024035155,-0.002273494837947805,0.7798165082931519,2021b6b367984ad7b18464a550d0ae8d,
4,1290.4269961420953,1037.8236397300445,-0.5784091270896776,1.8556421995162964,4.443687438964844,1.6145485639572144,0.9479624169440973,0.008226333242387238,-0.004395898658193275,0.31824559632126526,4.653345125577273,3.694737830819322,0.7320966720581055,2021b6b367984ad7b18464a550d0ae8d,
4,1282.466580549458,1040.5675991010758,-0.6014604025438534,1.9807865619659424,4.818826675415039,1.7102466821670532,0.8705270745232938,0.007244835368579151,-0.00587442287464014,0.492032129071149,2.470215130066428,4.680178741898902,0.6012802720069885,2021b6b367984ad7b18464a550d0ae8d,
5,1313.247410566139,1036.9790207637172,-0.07193439120003774,1.9177542924880981,4.666720867156982,1.541231393814087,0.321646036636963,0.0014781438422750946,-0.00926380803862377,0.946813510712188,-0.0046213599878278545,-0.0021140603076520736,0.7912222743034363,7315022fc89147a6afc7f978601f8f38,
5,1293.0218189476898,1040.3841699583834,-0.5431402425944674,1.880793571472168,4.524248123168945,1.5578997135162354,0.9377576159684995,0.00812315854454683,-0.004692264256740234,0.34716372311127414,5.516325559629387,4.539071973113375,0.7001652717590332,7315022fc89147a6afc7f978601f8f38,
5,1284.3868829357991,1043.2318233958551,-0.7271796210141788,1.9413982629776,4.670444965362549,1.6676461696624756,0.8648751649420628,0.007204663356659825,-0.0060079842303495876,0.5018993385309894,2.837081494374961,5.176876947847535,0.5163039565086365,7315022fc89147a6afc7f978601f8f38,
6,1313.2355845719776,1037.0105937878404,-0.07522468811561492,1.9218968152999878,4.670738697052002,1.5618579387664795,0.328564499495538,0.0016556328066069852,-0.009391176260821895,0.9444333932891692,-0.005333652733093632,-0.0024397839528918002,0.7820401787757874,dc03fe4e0a374592af7701c66d5276c4,
6,1295.3301854972797,1043.2458312703204,-0.3940287177142057,2.0510683059692383,4.945894241333008,1.7338950634002686,0.956014580326404,0.008553863920689521,-0.004215059142937867,0.2931640955024635,6.754253989455994,4.312786066863705,0.6369908452033997,dc03fe4e0a374592af7701c66d5276c4,
6,1285.798045802482,1046.9517096104805,-0.39636130021156857,1.9396021366119385,4.55401611328125,1.7284878492355347,0.8401344488012679,0.007083743829788137,-0.006384033592179517,0.54229435975846,2.925669532663243,6.776013877795433,0.5004764199256897,dc03fe4e0a374592af7701c66d5276c4,
7,1299.0028433385846,1046.249674767111,-0.14558852307193443,1.974061131477356,4.745009899139404,1.596036672592163,0.9385347348065693,0.008505650711590002,-0.004577070490194309,0.34504964265053606,6.54640094296542,5.2117179935397875,0.8096060156822205,b7f64f73e8a548488e6d85d9b0e13242,
7,1313.2422300949029,1036.977374845736,-0.06797285800184034,1.9177652597427368,4.670495986938477,1.5417487621307373,0.32945507283606146,0.0018656527670292819,-0.009477078033479257,0.9441218455868319,-0.0035588177016166317,-0.001628039332702451,0.8008859157562256,b7f64f73e8a548488e6d85d9b0e13242,
8,1302.321616420494,1049.562705448563,0.039362877229610814,2.1015050411224365,5.016371726989746,1.7290250062942505,0.9158638996714914,0.008199264772056063,-0.005101323885541247,0.40137272681429265,6.230206915909915,6.929350709689099,0.8151520490646362,6dabc0fb1df045558f802246dd186b3f,
8,1313.2365267535652,1037.0038760352795,-0.07764454513892431,1.920661449432373,4.676397323608398,1.5533512830734253,0.3262084630091665,0.001812187891788221,-0.009485115878698023,0.9452485319814095,-0.0056398257572559595,-0.0025806530368397335,0.7855775952339172,6dabc0fb1df045558f802246dd186b3f,
8,1286.032785792352,1053.2444034072112,-0.18337618279812629,2.0037832260131836,4.90643310546875,1.7301105260849,0.6625104052092157,0.005297594598195786,-0.008073842930144232,0.7489904615823444,-0.25832564118431683,7.308683794764429,0.7212152481079102,6dabc0fb1df045558f802246dd186b3f,
9,1305.4075590412406,1053.2911577877967,0.3796835121762095,1.9882359504699707,4.7940993309021,1.5889129638671875,0.9100083383786961,0.008074360884149378,-0.005268593951355396,0.4144778289550995,6.734886564900353,7.135897999722017,0.8231662511825562,82597244941b4e79aa3e1e9cc6386f8b,
9,1313.2428951098343,1036.976047665404,-0.0852171134989775,1.9086915254592896,4.645040035247803,1.5284463167190552,0.322040913626213,0.0016990569457199203,-0.009490342006847861,0.9466766589310641,-0.003712533357710891,-0.0016987017240262853,0.8004600405693054,82597244941b4e79aa3e1e9cc6386f8b,
10,1313.232762877758,1037.0027726548742,-0.10030322476231515,1.9274176359176636,4.693969249725342,1.549923300743103,0.330796460713803,0.0017811207873684733,-0.009449459483501878,0.9436531337856257,-0.00430283798058056,-0.0019685095537844833,0.7833946347236633,8bf071b1b92c4ff1bd5016bfb30de3f7,
10,1308.7051166340345,1056.8958762228865,0.5423898435733676,1.9602302312850952,4.700863838195801,1.644566535949707,0.8818721997197172,0.007702765716181819,-0.005756046917038954,0.47139045247620126,6.690931072217049,7.8664108931180285,0.7067998647689819,8bf071b1b92c4ff1bd5016bfb30de3f7,
10,1285.2559134183264,1037.8513343677737,-0.28971430321625413,2.0082802772521973,4.727772235870361,1.7820003032684326,0.974667831317225,0.008943309148332496,-0.003532972865292342,0.22345056258507778,5.5402431103692455,2.8006112975917965,0.5528749823570251,8bf071b1b92c4ff1bd5016bfb30de3f7,
11,1313.2577505756415,1036.9667853847209,-0.09988995516184959,1.9179761409759521,4.668449401855469,1.5421136617660522,0.3201320629753938,0.001462399762448637,-0.009472817667491553,0.9473244372270208,-0.0045851668620668345,-0.0020981398895899596,0.7941854596138,b8766f4291d5449d95bab459ca724ad8,
11,1312.11458548925,1061.0697423810752,0.8594846579522377,2.027207612991333,4.904966354370117,1.6982548236846924,0.8862017993751148,0.007605232809235482,-0.005833808493949566,0.46320027838579925,6.928713443020938,8.74567656123111,0.572418212890625,b8766f4291d5449d95bab459ca724ad8,
12,1313.2443910409065,1036.9894359839484,-0.11646684869624062,1.9100056886672974,4.647331714630127,1.5425738096237183,0.3277717066560093,0.0014900492249965776,-0.009427545301178078,0.9447087431895125,-0.003956055008195743,-0.0018095220332710873,0.7933945059776306,dde297c8e12f44c4bc2f2c80e49d2b5a,
12,1315.8307498938366,1065.1441289780607,1.0376294351413302,2.0568556785583496,5.089245319366455,1.7482491731643677,0.9302802270224326,0.008123439133891292,-0.005010847606607215,0.36672551091244304,8.677864383741483,8.845983633076989,0.6947600841522217,dde297c8e12f44c4bc2f2c80e49d2b5a,
12,1291.8490097133745,1044.0548802986723,-0.15512235370496308,2.0669286251068115,4.9772629737854,1.7210496664047241,0.9337141626630123,0.008170565643397144,-0.004933630931232695,0.35789211165574913,5.278628882857027,4.886321697223226,0.5887765884399414,dde297c8e12f44c4bc2f2c80e49d2b5a,
13,1313.2496036844911,1036.9749874386357,-0.09501741413365591,1.9148964881896973,4.667325496673584,1.543155550956726,0.32930818034072606,0.0015230100245016993,-0.009458078697337068,0.9441738968794362,-0.002222094887770825,-0.0010164402193756604,0.8026335835456848,a0462df7186d4ca99ef58f455d53a42c,
13,1295.107037390857,1047.7297817927774,0.08742225293515817,1.9676852226257324,4.592994213104248,1.6255486011505127,0.936666554030387,0.008248055254625249,-0.004872822251673328,0.35009140484830614,6.743310159922563,5.247328511194303,0.6491347551345825,a0462df7186d4ca99ef58f455d53a42c,
13,1319.196543300592,1069.6642646691614,1.433548145385482,2.061026096343994,4.885257720947266,1.7896767854690552,0.7494940957577005,0.005959647916915688,-0.007500493909480656,0.6619417086210589,0.9446670848964571,8.8274113308776,0.5983213186264038,a0462df7186d4ca99ef58f455d53a42c,
14,1313.2503882967405,1036.9746510282682,-0.102495986213666,1.9196046590805054,4.676015377044678,1.5469945669174194,0.3234605571980797,0.0016172312915150554,-0.00947963268517682,0.9461927864152272,-0.0026391737424102226,-0.001207357396693022,0.7977765798568726,d7bea9a3552b40e29d42324108dff575,
14,1298.7117547059795,1050.884869888605,0.26292383124925234,2.0522878170013428,4.884878635406494,1.7051057815551758,0.9042412131248379,0.00792862580392745,-0.005442036912537797,0.4269137496188491,6.0462851402768445,7.058717072072859,0.764001190662384,d7bea9a3552b40e29d42324108dff575,
14,1322.8560271938027,1074.0730622450621,1.7507502881694477,1.9530854225158691,4.545237064361572,1.6885247230529785,0.8379034547575109,0.007116311804501712,-0.006468151142114548,0.5457337461001762,4.077937395940752,9.863431138708489,0.6824924945831299,d7bea9a3552b40e29d42324108dff575,
15,1301.4220607644204,1053.6745191930572,0.5140713593261895,2.056122064590454,4.885906219482422,1.7927932739257812,0.923087409202729,0.008143036410253265,-0.0050525714988444385,0.3844708018181147,5.976433500287087,6.208781472427894,0.8597640991210938,3ffc4360d1084e6eae5067e87d79503f,
15,1313.262688306208,1036.960919707728,-0.1044777470905064,1.9109193086624146,4.648643493652344,1.5449312925338745,0.3193307508593394,0.0015679319919393048,-0.009454052570104461,0.9475948680923094,-0.0026749883662569077,-0.0012238014875094946,0.7959239482879639,3ffc4360d1084e6eae5067e87d79503f,
15,1325.0838903484641,1077.5810651122151,1.8084483198225045,1.9982374906539917,4.669528007507324,1.6624866724014282,0.8622094307382249,0.007380066735121566,-0.006113275367165921,0.5064613114793042,5.986945023823612,9.753738060032921,0.5697343945503235,3ffc4360d1084e6eae5067e87d79503f,
15,1289.6127695635691,1041.4735096588881,-0.36755988871482176,1.9764114618301392,4.736069202423096,1.6150060892105103,0.9573063104865803,0.008613270716889396,-0.00420108179963461,0.28891658031660583,5.791050174387498,3.528875834846713,0.5281854867935181,3ffc4360d1084e6eae5067e87d79503f,
16,1304.5280502322785,1057.1818786007952,0.6302985773505508,2.019680976867676,4.682078838348389,1.762812614440918,0.9143742270739963,0.007982077321131315,-0.005287139623019743,0.40475684732821765,6.466757809209092,6.172944405428143,0.8259055018424988,05bc09f952ab4cf8b754405f20d503c5,
16,1313.255139846405,1036.9792208791498,-0.09100218513242483,1.9213708639144897,4.6738386154174805,1.5528804063796997,0.33055907535603085,0.0016067674088055153,-0.009438522249156624,0.9437367378119876,-0.0018922942298870502,-0.0008655135728682032,0.7953736782073975,05bc09f952ab4cf8b754405f20d503c5,
17,1313.2599274119316,1036.9576414857286,-0.09176229558955687,1.9299558401107788,4.696981430053711,1.553010106086731,0.32292277727653795,0.0014794619976127507,-0.009437600561889147,0.9463771039093452,-0.0017820020990113017,-0.0008149130711650528,0.8019881248474121,a860c02c06e54d9dbe83ce7b694f6c17,
17,1296.921040829756,1048.7314391257348,0.0839284069379346,1.9817142486572266,4.692070007324219,1.623971700668335,0.9324515964201293,0.008179424913858981,-0.004934989386685008,0.3611686077462771,5.8347242397367465,4.904961748075505,0.7598720192909241,a860c02c06e54d9dbe83ce7b694f6c17,
17,1307.6905822415806,1060.670692799178,0.7435504438077819,2.07246732711792,4.939813613891602,1.8244609832763672,0.90421102178148,0.007805245281006884,-0.005507745298347631,0.42697912241317376,6.222527889300187,6.548262341057616,0.7219759225845337,a860c02c06e54d9dbe83ce7b694f6c17,
18,1300.127541348055,1052.3314286659229,0.2577904440741624,2.064277410507202,4.834283351898193,1.7245357036590576,0.9042852502369628,0.007758878537238675,-0.005533669055600544,0.4268224039509886,5.587584739416408,6.548862934281776,0.8251733183860779,6873840fc1df4796a7b959e13e9fb78a,
18,1313.2561941327085,1036.9789209101828,-0.09144122846034644,1.903723955154419,4.6146931648254395,1.538777232170105,0.3262854390790027,0.0014604304291462697,-0.009417474838520016,0.9452232490558248,-0.0034769980588280278,-0.0015906122931046783,0.8001915216445923,6873840fc1df4796a7b959e13e9fb78a,
18,1310.5334963672972,1063.8164868336278,0.9069639078364913,2.1331193447113037,5.138372898101807,1.9411050081253052,0.8937430547587859,0.007623351193386491,-0.005718933987626254,0.44847801549358146,5.949397634258543,7.183719659857562,0.7118923664093018,6873840fc1df4796a7b959e13e9fb78a,
19,1313.247528634917,1036.971808556819,-0.08659798025177377,1.9190356731414795,4.669184684753418,1.5514495372772217,0.3338722396714957,0.001522747899217121,-0.009427892050302955,0.942569956908803,-0.0015603999208523257,-0.0007134668452537853,0.808298647403717,4ae9c033164e4e01a0392672686d095c,
19,1312.904399074379,1066.7685466030089,1.214612412549723,2.0822997093200684,4.9664764404296875,1.856073021888733,0.9125768621784454,0.007874217434113484,-0.005403758828541394,0.40879367253770715,5.63546660487195,6.257924408583628,0.7461802959442139,4ae9c033164e4e01a0392672686d095c,
19,1303.196486129403,1055.51969062112,0.5539772577117258,2.0290396213531494,4.820140838623047,1.6763821840286255,0.9188483276857375,0.007957629262704553,-0.005280155887290072,0.3944953064352567,6.778412175004145,6.459410927540321,0.7402012348175049,4ae9c033164e4e01a0392672686d095c,
19,1286.340299506547,1039.2205070853788,-0.45994149760559055,1.9489210844039917,4.667881011962891,1.71583092212677,0.8996204409431812,0.007704916700091692,-0.0056425320842139635,0.4365682745316245,6.240888286810584,6.608706833553839,0.537365198135376,4ae9c033164e4e01a0392672686d095c,
20,1313.2437169830641,1036.9784520662167,-0.09965968878524228,1.922819972038269,4.672165870666504,1.547842025756836,0.32087578898595737,0.0013060935911973737,-0.009392225782958093,0.9470738135208957,-0.0033988731173903055,-0.0015549208161151937,0.8026679158210754,ecd49e3c38624c77b8aac8df445d49ba,
20,1306.2680671924077,1058.879223573018,0.50442098549064,2.017673969268799,4.7873921394348145,1.7479969263076782,0.9306890327411403,0.00801962361179966,-0.005060180110637861,0.36568839816124016,7.107407408731265,5.35196321157744,0.7376313805580139,ecd49e3c38624c77b8aac8df445d49ba,
20,1314.8610436179597,1070.2599137467628,1.2726265528644372,2.0797367095947266,4.965444564819336,1.8085269927978516,0.8891810897253841,0.0074699077744472,-0.005841255299016034,0.45745717820267234,3.6804814671979633,5.63071837481185,0.7283733487129211,ecd49e3c38624c77b8aac8df445d49ba,
20,1290.064724529041,1042.3041645142457,-0.43416346851256005,2.0384573936462402,4.925238132476807,1.8243046998977661,0.8956436465150936,0.007552826565852648,-0.0057336372830150435,0.4446712703464426,6.691073834227365,6.75345964341645,0.5184780359268188,ecd49e3c38624c77b8aac8df445d49ba,
21,1313.2552756916557,1036.9774779312181,-0.08416498860311038,1.8990159034729004,4.602551460266113,1.5427569150924683,0.32813836141226566,0.0014117688512955266,-0.009429017896056052,0.9445815561929524,-0.004033606473270398,-0.001845263793945848,0.806210458278656,ac452a60e8b34a7080c938c904b23057,
21,1308.9082205584032,1061.9121518973052,0.700015941264736,2.034555435180664,4.878509998321533,1.7639018297195435,0.9008609738672644,0.007677465027379838,-0.0056529638710143115,0.4340030026314916,5.457543091774039,6.202656648290171,0.7530181407928467,ac452a60e8b34a7080c938c904b23057,
21,1294.3196781539582,1046.7352770061127,-0.1273317216795031,1.898019790649414,4.556908130645752,1.5554516315460205,0.943038177464842,0.008251317168224335,-0.004776529573131517,0.3325478858360335,8.067060016752945,5.693697630303617,0.7038301229476929,ac452a60e8b34a7080c938c904b23057,
21,1316.6299652876346,1073.2242919284047,1.4534975276767286,2.074352979660034,5.005282878875732,1.812912106513977,0.8963772299845894,0.007619275449819782,-0.005731152710703768,0.44318953292624275,3.954998863512755,5.563176609669169,0.6667943596839905,ac452a60e8b34a7080c938c904b23057,
21,1278.4431714388165,1028.852830118735,-0.8628745881869082,2.015782356262207,4.808086395263672,1.6932755708694458,0.9207988639249243,0.007941907372154167,-0.005274995456467889,0.3899212134839489,5.9645744898403015,5.346008394985385,0.5007102489471436,ac452a60e8b34a7080c938c904b23057,
22,1298.149328125209,1050.1664326467273,0.13666521030268358,2.0451512336730957,4.856000900268555,1.6670459508895874,0.9136234718595597,0.00773075031540956,-0.005418017592719894,0.40645175882533746,8.589288212511821,8.606146334707782,0.8270992636680603,27900b9c3cfb48ed8b49087098d4a15a,
22,1313.246058811296,1036.981314668113,-0.09238698101831933,1.9171555042266846,4.652863502502441,1.5477198362350464,0.321056108102283,0.0012626894054712451,-0.00935548130988128,0.947013123475668,-0.00457443935631483,-0.002092896955047366,0.8070546984672546,27900b9c3cfb48ed8b49087098d4a15a,
22,1311.3268039715992,1064.9633536563147,0.9140857904050451,2.1028547286987305,5.139230251312256,1.8504971265792847,0.9062821259065219,0.007633587434791101,-0.005554075796172276,0.4225678511757386,4.658067003417649,6.381639917399103,0.718445897102356,27900b9c3cfb48ed8b49087098d4a15a,
22,1318.2998635487425,1075.0931945488044,1.5049133946218864,1.9702335596084595,4.616024494171143,1.654689073562622,0.8902537528377518,0.007425767473656646,-0.0058290129954744726,0.4553670345372238,3.3301455737221333,5.152378401822486,0.5975694060325623,27900b9c3cfb48ed8b49087098d4a15a,
22,1281.2860039674451,1032.098824646614,-0.6609778338478535,1.9551080465316772,4.6078715324401855,1.666385293006897,0.9272097425248774,0.007914547914987767,-0.0051458086221302535,0.3744235221669123,6.317221732559519,5.4333475988235325,0.5858564972877502,27900b9c3cfb48ed8b49087098d4a15a,
23,1301.9766443063045,1054.0802702746053,0.3780214163664632,2.012033462524414,4.733405590057373,1.630134105682373,0.9242123558379669,0.00793293419971252,-0.005229903158026674,0.3817607077533988,6.830524358616412,6.726681855144516,0.8117861747741699,c4f9b75136384ec4a76c4adfc28b4259,
23,1313.257047077543,1036.969352099067,-0.07660237390817468,1.9121785163879395,4.631326675415039,1.5519839525222778,0.3251411704811472,0.0013262345947111442,-0.009408742416449569,0.9456177536013641,-0.003282483149054512,-0.001501628060418481,0.8073458671569824,c4f9b75136384ec4a76c4adfc28b4259,
23,1313.15533684759,1067.795004101653,1.085319281680209,2.0190060138702393,4.6769514083862305,1.7925270795822144,0.8814671506657759,0.007370986410372353,-0.005995989609515013,0.47214974210000304,3.9305856295308677,5.666330678992014,0.6825040578842163,c4f9b75136384ec4a76c4adfc28b4259,
23,1271.3179501866898,1061.8797596430495,0.14756870006865744,1.967402458190918,4.7098259925842285,1.8339396715164185,0.9374494579128222,0.009373789613924965,0.0015541558265432655,-0.3479917104284193,2.107590793071536,-1.6859108575922777,0.5589144229888916,c4f9b75136384ec4a76c4adfc28b4259,
23,1284.792536244838,1035.0955845125839,-0.5661017991820897,1.9882786273956299,4.697279453277588,1.8589437007904053,0.9075188143386168,0.007708341004820824,-0.005555610768646756,0.4199039393591967,6.872786602067574,6.434127603714525,0.5415488481521606,c4f9b75136384ec4a76c4adfc28b4259,
23,1319.789616758935,1077.640015097756,1.5439554465261272,1.9399888515472412,4.551671028137207,1.6310738325119019,0.8788419303552665,0.007337706338072186,-0.006036671082270524,0.4770184253436862,3.2858483003170136,4.998018869417071,0.5346627831459045,c4f9b75136384ec4a76c4adfc28b4259,
24,1313.2332541948244,1036.991822955032,-0.09891403970687863,1.9057374000549316,4.609703063964844,1.5367084741592407,0.3188849213432213,0.001190432159063783,-0.009427780412648972,0.9477458028225147,-0.0050480947461731965,-0.002309654697941763,0.8060992360115051,a572dd2e95e94e4db66bb5dbfaf870b5,
24,1287.9586650141978,1038.7976233833028,-0.5669891533599255,1.9642037153244019,4.7357282638549805,1.6791207790374756,0.9070542864849527,0.007659150322487649,-0.005624730088812994,0.42090642807759404,6.431103541017073,7.190318410548662,0.6968708634376526,a572dd2e95e94e4db66bb5dbfaf870b5,
24,1314.9785795545854,1070.327480151661,1.2540727373213554,2.030421495437622,4.845989227294922,1.7568904161453247,0.8751424559455481,0.007243791051160513,-0.006150419777672721,0.4837720347739831,3.4422555867209748,4.810697539872174,0.6940110921859741,a572dd2e95e94e4db66bb5dbfaf870b5,
24,1305.121559975305,1057.5645419549944,0.44783517163922404,2.001508951187134,4.75683069229126,1.7805613279342651,0.9027222272188573,0.007601490635866237,-0.005702412853108655,0.4301189141537386,6.889694279053712,6.543223091186033,0.6876431107521057,a572dd2e95e94e4db66bb5dbfaf870b5,
24,1321.0012021529328,1079.0863483999526,1.8565246564229163,1.8995188474655151,4.362890720367432,1.6342682838439941,0.8680476266056402,0.007153997976510751,-0.006254637094711489,0.4963899855678806,2.9306290621918727,5.3338078094070545,0.6039415597915649,a572dd2e95e94e4db66bb5dbfaf870b5,
24,1271.514238923236,1061.9357654332205,0.056654581835958735,1.8870702981948853,4.475360870361328,1.7033472061157227,0.9438529722932015,0.009412824409471684,0.001303421984974534,-0.33022911216465256,0.992474212187241,-0.7217683365090818,0.5302700996398926,a572dd2e95e94e4db66bb5dbfaf870b5,
25,1313.2410986648633,1036.9926048798,-0.0853657950653212,1.9111342430114746,4.619148254394531,1.5565409660339355,0.33668578512437053,0.0014279246326695798,-0.009371789824453915,0.9415693350369456,-0.003037197080494126,-0.001389832891135936,0.8019238114356995,313a60afcab5481a94a4815e0d1a6496,
25,1307.7464748493164,1060.6745435767991,0.5872175578098475,2.0806920528411865,4.969794273376465,1.7126625776290894,0.908891209450472,0.007702888094872143,-0.005525841860585546,0.41692553288373685,6.575320058133625,7.261655028236522,0.6416152119636536,313a60afcab5481a94a4815e0d1a6496,
25,1316.1708167247855,1072.3978591824987,1.3279704199001527,2.023320198059082,4.808435440063477,1.750321865081787,0.8898195574592609,0.007454258955190791,-0.005856913581339613,0.4562140788596236,3.495560277724674,4.911498347887665,0.596964418888092,313a60afcab5481a94a4815e0d1a6496,
25,1290.8213357348345,1041.7211590316435,-0.5296705477454872,1.959877610206604,4.706506729125977,1.6346380710601807,0.9413898776687231,0.008149721565212618,-0.004842669891684845,0.3371872310891924,8.15032880005603,5.833396964083377,0.5242359638214111,313a60afcab5481a94a4815e0d1a6496,
26,1313.2332777320528,1036.9932183210499,-0.09386721083732529,1.913036823272705,4.624222755432129,1.5525504350662231,0.32196355023768203,0.0012740607523924116,-0.00940280233688337,0.9467045137717262,-0.0031321789088009496,-0.001432976660976218,0.8031213879585266,d2ae3c5bbb5343a393882b44d56f8da3,
26,1309.9748710727881,1064.2564900386026,0.8875303548435345,2.021761655807495,4.782431125640869,1.7663511037826538,0.8868084357485992,0.007417051354251802,-0.005918046281981714,0.46203978439365523,5.3966792858417865,7.276417656117011,0.7293973565101624,d2ae3c5bbb5343a393882b44d56f8da3,
26,1294.9053274030618,1045.2290843003454,-0.25653724586707805,1.9569555521011353,4.595730304718018,1.588614583015442,0.9387723622213404,0.008115228155840934,-0.004917214106171568,0.3444073402335921,8.51193957193861,5.977725115016782,0.6411902904510498,d2ae3c5bbb5343a393882b44d56f8da3,
26,1317.7800960910072,1074.338787227678,1.4771905273597634,1.972840428352356,4.696702003479004,1.6659767627716064,0.9108480430284516,0.007730913542090206,-0.005501717767389778,0.41263277449646774,3.7386328045223225,4.102034191738756,0.5907800793647766,d2ae3c5bbb5343a393882b44d56f8da3,
26,1323.481883745903,1082.0893029775375,1.879077227248864,1.9124276638031006,4.420671463012695,1.6532069444656372,0.9034711194948243,0.007633234340209025,-0.005636457761284103,0.42854393043908806,3.263833965942996,3.894926620370756,0.5207924842834473,d2ae3c5bbb5343a393882b44d56f8da3,
26,1271.8606620365224,1061.59651480634,0.07201393376373164,1.8647475242614746,4.453617095947266,1.6997010707855225,0.9530460535699301,0.009426730901948321,0.0010828975434170496,-0.30267669856167473,-2.4415452712842446e-06,-8.950032057417809e-07,0.5061153769493103,d2ae3c5bbb5343a393882b44d56f8da3,
27,1313.236074135392,1036.9908379724156,-0.08426637931478267,1.9273741245269775,4.663741111755371,1.5693473815917969,0.32877215559653905,0.0013910499689753788,-0.009395607632113804,0.9443615077085745,-0.002253321711446001,-0.001030723620601355,0.8035086393356323,59bd7a9fae8a45bcb76f1847cf09e000,
27,1298.288586618792,1048.7067824993944,0.027903537904876607,1.9766385555267334,4.668010711669922,1.6703100204467773,0.9440675564288592,0.008223884495249509,-0.004751861382828448,0.32961528550061137,9.352663880776388,6.4501632791545065,0.7051409482955933,59bd7a9fae8a45bcb76f1847cf09e000,
27,1319.0856314606826,1076.0525497828871,1.530802185575834,2.007662773132324,4.675664901733398,1.697168231010437,0.9060810378399251,0.007703628999181202,-0.005555768446920371,0.4229975654825112,3.6242855101633045,4.809623907158133,0.6282369494438171,59bd7a9fae8a45bcb76f1847cf09e000,
27,1311.9468726551675,1067.710135708231,1.0751205311584646,2.0539443492889404,4.891249656677246,1.8136725425720215,0.8715287622851821,0.00726180836046106,-0.006121976978783849,0.49025238810929395,4.42247938797206,7.698062167963028,0.5748651623725891,59bd7a9fae8a45bcb76f1847cf09e000,
28,1313.2437701254908,1037.00236800762,-0.09899647873271634,1.9266152381896973,4.663046836853027,1.561454176902771,0.32966954948717564,0.0015131432255861988,-0.009448846000284429,0.9440478895944657,-0.003738800092936749,-0.0017106234198624817,0.7875416874885559,37535cd306954669a2b21578573b93e3,
28,1301.8828542697079,1052.1565612004215,0.21839046466128154,2.093413829803467,5.1511549949646,2.092442274093628,0.9219667521529108,0.008031804206624988,-0.005201962547411275,0.3871507944347461,7.162915294948592,6.018821463338905,0.7653957009315491,37535cd306954669a2b21578573b93e3,
28,1320.3209445303753,1077.4952309965292,1.7126549237957918,1.9213515520095825,4.500324726104736,1.6253654956817627,0.9232655894860426,0.00804928078380181,-0.0051748789378832215,0.3840430717742891,3.5463565431881503,4.2744121636542705,0.5716308951377869,37535cd306954669a2b21578573b93e3,
28,1313.813782086459,1068.9985002808462,1.0942778247255789,1.9891914129257202,4.854533672332764,1.7242012023925781,0.8833449603156095,0.007530570697213069,-0.00590430335708662,0.4686257683822519,3.6496898554468156,4.34210000425693,0.5371305346488953,37535cd306954669a2b21578573b93e3,
29,1313.2400514792528,1036.994588562677,-0.08702157961106123,1.9303929805755615,4.680579662322998,1.5567164421081543,0.32929794744609736,0.0016366674336419087,-0.00947887633405928,0.9441770670964968,-0.002772434086860118,-0.0012683609495669418,0.79644775390625,3a064c48e47b489a8b442b8081f877b6,
29,1305.4793592294968,1055.6437543879058,0.49342424490315034,1.9117798805236816,4.531679630279541,1.6074635982513428,0.9066355013716147,0.007938722115943698,-0.005431801543738457,0.4218050970244384,7.154260292754609,6.941157817261375,0.7300283312797546,3a064c48e47b489a8b442b8081f877b6,
29,1321.424756766299,1078.7301772886376,1.6988253860305635,1.9394569396972656,4.519011974334717,1.6578047275543213,0.9128818692871505,0.008019583121718746,-0.005311691199474691,0.40811048130371924,2.948585715643516,3.893103839180691,0.5391870141029358,3a064c48e47b489a8b442b8081f877b6,
29,1271.456176450348,1061.9160931393678,0.07052698880535238,1.9680202007293701,4.629551887512207,1.7911510467529297,0.9476592439074089,0.009495907312448915,0.001534770718417663,-0.3191385743842218,0.004900071813571961,-0.03182602882806633,0.5138857364654541,3a064c48e47b489a8b442b8081f877b6,
30,1313.2378378417213,1036.9916388587887,-0.08348789214159127,1.922919750213623,4.662539482116699,1.544144868850708,0.3272123775477079,0.0016171141916017915,-0.009476074259870959,0.9449019255657641,-0.0032160079077594174,-0.001471514468946892,0.7998254895210266,d3c0bbf933594f7184e20d761b6416f4,
30,1309.300530757148,1060.216810681968,0.7266695015548704,2.102320671081543,4.972926616668701,1.8272045850753784,0.9104097565018914,0.007983793196789636,-0.00535444561819096,0.4135960157260699,8.3149462127851,8.994410911623808,0.6112078428268433,d3c0bbf933594f7184e20d761b6416f4,
30,1271.859987979683,1061.7005826037107,0.004977690526244317,1.9003915786743164,4.398422718048096,1.75174081325531,0.9673435827951524,0.009572638120654358,0.0008807048871579226,-0.2532863632005303,-2.4415112574121123e-06,-8.951213801149722e-07,0.5188764929771423,d3c0bbf933594f7184e20d761b6416f4,
30,1322.4682351220008,1080.9017396500144,2.0256803067036855,1.969024419784546,4.497838973999023,1.678887128829956,0.9299293017648967,0.00824123961694694,-0.004949041448940702,0.36761268024561417,1.8803194343066973,1.505032313270478,0.501807451248169,d3c0bbf933594f7184e20d761b6416f4,
31,1313.2427850628815,1037.0019664742435,-0.076524541252238,1.9305275678634644,4.682204723358154,1.564399003982544,0.331457781431822,0.0017130395976045934,-0.00946905534235407,0.9434209779385632,-0.0034985669982974844,-0.0016010047028870331,0.7845572829246521,31812a5e8d514b5f8d2fbc50fc007475,
31,1313.1654670593425,1063.335911363086,0.9399223904936999,2.144688367843628,5.167184829711914,1.9079138040542603,0.9326569125497659,0.008312982236711949,-0.0048468381519952836,0.3606362238591661,8.763965750044989,7.757372221369759,0.7428991198539734,31812a5e8d514b5f8d2fbc50fc007475,
31,1317.693603967655,1075.4368016449612,1.5252117864224706,1.9433857202529907,4.5733418464660645,1.6840611696243286,0.9046756508211862,0.007947592636606094,-0.0054252451577868855,0.4259922174142665,3.4232189661752335,4.012394261760894,0.6355820894241333,31812a5e8d514b5f8d2fbc50fc007475,
31,1271.4887474695597,1061.9349327143077,0.044082900907000996,1.9734289646148682,4.709516525268555,1.8189045190811157,0.9440510461272408,0.009472303315878306,0.0016949877968664793,-0.3296589522405278,-2.4414742238204285e-06,-8.952281733700574e-07,0.565329909324646,31812a5e8d514b5f8d2fbc50fc007475,
31,1323.516149705359,1082.090136445089,1.9046777466258777,1.9383255243301392,4.520962238311768,1.6767863035202026,0.8859027704558367,0.007711690199363022,-0.005755636194946113,0.4637711545416916,3.0877338681243924,4.277324522452952,0.5388792753219604,31812a5e8d514b5f8d2fbc50fc007475,
32,1313.2357876099315,1037.005590148349,-0.0703692934634205,1.9235485792160034,4.670015811920166,1.5609564781188965,0.3336896501173334,0.0017920899985938874,-0.00944350520519004,0.942633983064184,-0.0014951887043673528,-0.000683976300326975,0.7910822629928589,32e2619879854a83953c08ec8557f3bb,
32,1317.5104753758749,1067.093961432968,1.210660606366098,2.1224794387817383,5.127171516418457,1.8853771686553955,0.9339774037709588,0.008351142760819195,-0.004759179730996592,0.35720276856168987,7.640676643322986,6.933795353710194,0.64027339220047,32e2619879854a83953c08ec8557f3bb,
33,1313.2381123506568,1036.998444265789,-0.06412071411258062,1.9258474111557007,4.682517051696777,1.55917227268219,0.33475790525049814,0.0018351762796498321,-0.009391579013875695,0.9422555785156952,-0.001307204033673616,-0.0005979811390828654,0.7922419309616089,4d7cf1ad5f9c4842bb6f135e058deed4,
33,1320.777598778721,1070.6858000150723,1.4064524125631108,2.0298287868499756,4.828747749328613,1.7772715091705322,0.9233111546087194,0.008195453978615359,-0.0049400569263579825,0.3839335126643182,8.430603048615627,8.675608475144573,0.625650942325592,4d7cf1ad5f9c4842bb6f135e058deed4,
33,1271.5120618328915,1061.996568673134,0.05173608463217345,2.008970260620117,4.780752658843994,1.8747375011444092,-0.9276348303531223,-0.009307824979678643,-0.0022212659676252204,0.3733658418861891,-2.4415238197914006e-06,-8.951089759637839e-07,0.5579450130462646,4d7cf1ad5f9c4842bb6f135e058deed4,
34,1313.244356652851,1037.0020060008626,-0.07191322341573379,1.9265109300613403,4.673472881317139,1.561033010482788,0.3336121798207277,0.001771739720403067,-0.009444645767359004,0.9426614307798717,-0.00311774468169684,-0.0014262001796919348,0.7851677536964417,c143943fd6e246448eab88ce1a0aeda9,
34,1324.4378356527695,1074.8862378534764,1.6079114000058612,1.9478063583374023,4.572668075561523,1.6237577199935913,0.9064279411139453,0.007981298001183534,-0.005351567763193324,0.4222511659813699,7.12614253383881,8.124628411274937,0.570228099822998,c143943fd6e246448eab88ce1a0aeda9,
35,1313.2449460263483,1037.0043651975489,-0.06305982246936777,1.925750494003296,4.679285526275635,1.5577363967895508,0.33379130319602224,0.0017599998472409614,-0.009477515472555665,0.9425977111216144,-0.004100302082051498,-0.0018761228031147477,0.781406581401825,47188ae2bc8c4faf83c909b135701176,
35,1271.5241382771308,1061.9883311853837,-0.005453564148437109,2.0639312267303467,4.994052886962891,2.021794319152832,0.9364374141425714,0.009444303624343632,0.001930292217782066,-0.3507022219704055,-2.441525998114567e-06,-8.950884492321564e-07,0.5284165143966675,47188ae2bc8c4faf83c909b135701176,
36,1313.246252865216,1037.0073584355,-0.07016857088148133,1.9290266036987305,4.681090831756592,1.568973422050476,0.3351020899161397,0.001724998057557279,-0.009483926849063394,0.9421325112992645,-0.003809243382169591,-0.0017433766636316009,0.7790190577507019,a5f101af325144bd8b8f67694766e255,
36,1323.9601874618031,1082.529405062634,1.9906131074432192,2.03305983543396,4.777546405792236,1.784156322479248,0.8959956464246279,0.007835057829207227,-0.005615367805401569,0.44395819747059095,3.147999739645973,4.23454691463299,0.5353698134422302,a5f101af325144bd8b8f67694766e255,
37,1313.2623008329597,1036.9927061202793,-0.06253923857451485,1.9232916831970215,4.674328804016113,1.5614498853683472,0.3334989247562442,0.0017596269908047488,-0.009591335665631265,0.9427000462392219,-0.004150065783801613,-0.0018995221249670617,0.7792955040931702,6f114ec641f8426399b69e844c0dfd62,
37,1271.497234171795,1061.9735482785316,-0.02794450908722174,2.0767767429351807,5.037875652313232,2.051715850830078,-0.9329483496118391,-0.009538056916396495,-0.00202866390936496,0.3598781556993253,-2.4414107646410736e-06,-8.953925228350918e-07,0.5040462613105774,6f114ec641f8426399b69e844c0dfd62,
38,1313.2336284485605,1037.0176438126334,-0.07138714791789745,1.9295189380645752,4.691049098968506,1.577465534210205,0.3448122059016252,0.0018312001501737578,-0.009571764169069718,0.9386211007099495,-0.0008208758876802684,-0.0003754827957739291,0.7859359383583069,ed5b84e7ea6f434e99d7816b37d15f2f,
39,1313.2633185345053,1036.9831379321674,-0.07338705922194089,1.919669508934021,4.670431137084961,1.556293249130249,0.33576281812350106,0.0017544754492605534,-0.00957988004750999,0.9418962138579484,-0.001238426006876985,-0.0005665644071808948,0.791092038154602,739b12938d0e410d9b8fc832dfad5510,
40,1313.2376152974302,1037.0022200731096,-0.06760041463257846,1.9269587993621826,4.691308975219727,1.565417766571045,0.34629180905270773,0.001888432056332074,-0.00952652316598705,0.9380765758528136,-0.0006759339869845029,-0.0003091066206908559,0.7944828271865845,dcbe451d383e450786aaad04ab9d3790,
