0,1867.9931107502878,2506.346470734519,-0.6586021655723675,1.982424020767212,4.7689924240112305,1.7721432447433472,-0.8949857798215125,0.00123344784668292,0.01333890133802324,0.4458934920300846,5.702154109596357,-7.448843372422511,0.7057012319564819,c1676a2feac74eee8aa38ca3901787d6,
0,1857.4833595112912,2517.4196313405955,-0.9151580990871703,1.9143263101577759,4.509032249450684,1.6550625562667847,-0.8893368117121199,0.001066458148043447,0.013353289838630652,0.45705643814656594,7.866883242668989,-11.903289649792296,0.5182706713676453,c1676a2feac74eee8aa38ca3901787d6,
0,1897.807237827322,2456.0291555789354,0.8601281674844781,1.8766168355941772,4.544550895690918,1.6470661163330078,0.4006810764131225,-0.013260740865450947,0.0018974810131761979,0.9161196577532466,-9.693447023978473,8.586846709541183,0.5120930671691895,c1676a2feac74eee8aa38ca3901787d6,
1,1862.8953477717382,2511.169681640761,-0.703771018992561,1.9562528133392334,4.622514724731445,1.7256792783737183,-0.9083529538214388,0.005201659355661131,0.017033679936226377,0.4178249726520007,7.500151681089498,-8.7846885172934,0.7340521812438965,d6b0de49811b4d1b86a0933719c0c44a,
1,1836.690419790015,2529.4237477363667,-1.3542137109235828,1.8564069271087646,4.350922584533691,1.670981526374817,0.4649527006182032,-0.017283351176750002,0.004299916780970566,0.8851563605802183,-6.462910946521099,8.375466357507111,0.6250215172767639,d6b0de49811b4d1b86a0933719c0c44a,
1,1892.2196296934142,2461.403979679542,1.2560251511801475,1.9633560180664062,4.798261642456055,1.7718162536621094,0.3757191313947354,-0.016777151140252692,0.005977517196901716,0.9265624268184867,-8.098196934999747,7.528611020652234,0.6196103096008301,d6b0de49811b4d1b86a0933719c0c44a,
1,1872.9692257469906,2500.838875758728,-0.2397137917611584,1.7985994815826416,4.39853572845459,1.5741665363311768,0.9346079489962595,-0.006345353135936101,-0.016641514528503824,-0.35523341363219646,5.01514501436098,-4.908280927820843,0.593500018119812,d6b0de49811b4d1b86a0933719c0c44a,
1,1898.0428278686907,2459.7659782750006,1.4285580264364943,1.8891892433166504,4.527884006500244,1.6021875143051147,0.41394056392748274,-0.017011302364110314,0.005274381868897323,0.910129664401274,-9.706084862251524,10.559370910856346,0.5591200590133667,d6b0de49811b4d1b86a0933719c0c44a,
2,1867.4897888370535,2507.2311324251114,-0.2842172596641166,1.824453592300415,4.364706516265869,1.6059832572937012,-0.8974687004971886,0.0026054160870930326,0.01838172324194623,0.44068725382697094,6.5689150034881285,-7.992401587822495,0.7662416696548462,6d5d0e60cbf4429d8b6cfa055924e5ca,
2,1877.4691190508502,2496.9854719122827,0.1586656760010672,1.8570811748504639,4.380078315734863,1.5925607681274414,-0.8882609763818224,0.002228644191637266,0.01843119875096221,0.4589637914856476,5.177586185009132,-7.5996553863926986,0.6151018738746643,6d5d0e60cbf4429d8b6cfa055924e5ca,
2,1887.856926391541,2465.9691557795454,1.2701499786325736,1.9449682235717773,4.786696434020996,1.755240559577942,0.3941196847431049,-0.018224065759933118,0.003543920076415766,0.9188715895900066,-9.108389946605515,8.685723698389612,0.5257555842399597,6d5d0e60cbf4429d8b6cfa055924e5ca,
2,1832.8061285508577,2534.432227173562,-1.4086855169337529,1.919999599456787,4.529600620269775,1.71706223487854,0.48501356364807846,-0.018489010364724008,0.0016829848672871455,0.874309537369381,-7.371736248705095,11.709901108068168,0.5149396061897278,6d5d0e60cbf4429d8b6cfa055924e5ca,
3,1887.314751560676,2470.7578901690395,1.301174121381909,1.8562394380569458,4.366769313812256,1.5835458040237427,0.47137763815884426,-0.015114156899165558,0.007591490879977104,0.8817692746808748,-7.152734219209217,10.1830852440172,0.6336302161216736,a51146d2b181450292623ec03ade9f03,
3,1881.6277741635658,2493.218204622826,0.3492664269777911,1.9392433166503906,4.795169353485107,1.7430363893508911,-0.8957636721969071,0.008049865307188013,0.014875084574196553,0.44420870669062595,6.2954639043853415,-7.638532575620874,0.6141557097434998,a51146d2b181450292623ec03ade9f03,
3,1872.246954198434,2502.2387089137274,0.040836002080098424,1.8610694408416748,4.689187049865723,1.6467444896697998,0.9310203948893694,-0.009313747005016245,-0.014118165223566423,-0.364575034564202,9.354183642927678,-7.50926701111195,0.6015300750732422,a51146d2b181450292623ec03ade9f03,
3,1828.2185932549023,2539.894748504453,-1.4696260427712584,1.90590500831604,4.552937030792236,1.6482692956924438,0.48567983167736195,-0.015235822821697774,0.007344261399160761,0.8739731303817618,-7.802290625442011,12.075933420458288,0.5276212096214294,a51146d2b181450292623ec03ade9f03,
4,1882.5860194608604,2476.272751491048,1.2176417286485355,1.901625394821167,4.437056541442871,1.60623037815094,0.44708432218169997,-0.01575389121297757,0.0071439101364012,0.8943245430597009,-8.633773701865374,11.613720883353606,0.6398666501045227,092051710b7b4d9294e98dcb3f0f7be1,
4,1824.1296508947432,2544.1280355250337,-1.140766320337332,1.9783488512039185,4.539950847625732,1.8317749500274658,0.4315486572492126,-0.01562796904707303,0.00741533032649489,0.9019237971613867,-8.305369426343347,10.291046150649784,0.6063052415847778,092051710b7b4d9294e98dcb3f0f7be1,
4,1884.4957020723584,2490.29402189531,0.7099517441343846,1.8474431037902832,4.436850070953369,1.630993127822876,-0.901642703248073,0.007405156227252253,0.01563279250925102,0.43213564437467983,6.393882383574451,-7.806052479536326,0.5640059113502502,092051710b7b4d9294e98dcb3f0f7be1,
4,1879.7219210920496,2474.91975907342,1.1754986367791425,1.9050028324127197,4.583629131317139,1.5891081094741821,0.4180345259964274,-0.01551551368987194,0.0076478346822289565,0.9082664336716154,-9.371900997088192,10.592077461811169,0.5298587083816528,092051710b7b4d9294e98dcb3f0f7be1,
5,1880.155662346092,2493.014528843548,0.7093900587119448,1.9054467678070068,4.497751235961914,1.6265596151351929,0.9082346568802271,-0.0078740798211264,-0.01592967988765951,-0.4180837861090804,7.390750791550701,-8.922353847961855,0.6674624681472778,feaef544d11646ed806b53d9e1f39cd9,
5,1877.464282198514,2482.318107324808,1.2117231635761587,1.8847991228103638,4.496304035186768,1.5620030164718628,0.4008053076214349,-0.01577767382691655,0.00817440168845441,0.9159909112803107,-10.308676702554116,11.500469983342589,0.6320167779922485,feaef544d11646ed806b53d9e1f39cd9,
5,1819.9710844626904,2549.0253950506913,-1.33539549724188,1.950789451599121,4.492079257965088,1.7538565397262573,0.4471178854404917,-0.01617501209323626,0.007356957124819652,0.8942985187759569,-7.862372106544218,10.432366192689432,0.616613507270813,feaef544d11646ed806b53d9e1f39cd9,
5,1875.1337509534412,2480.1604309811264,1.1668313033684525,1.9358634948730469,4.589746952056885,1.6115883588790894,0.38666043238821085,-0.01564999838895722,0.008416257171594176,0.9220509498888925,-9.933756889555813,10.238129897885218,0.6054598689079285,feaef544d11646ed806b53d9e1f39cd9,
5,1878.9396506412597,2506.592013472126,0.10583073621857965,1.8659018278121948,4.48458194732666,1.5469602346420288,0.9290419053340602,-0.008704154688390704,-0.015491724420261935,-0.36954753726537864,0.02846448604916009,-0.020946246818747228,0.5598283410072327,feaef544d11646ed806b53d9e1f39cd9,
6,1883.8219927979696,2488.6400088671267,0.997525750322901,1.8363251686096191,4.376842021942139,1.5866589546203613,-0.8664763781961304,0.001990588969060427,0.015555535036347413,0.4989716914950241,6.390542675016655,-9.46869736911495,0.6366276741027832,dca2cc206bb34bc197ae8ebdaed22f35,
6,1871.886173823674,2488.0189155285602,1.0454404184092927,1.961199402809143,4.763453006744385,1.6842153072357178,0.4195891289388223,-0.01531558031682612,0.0033719600041556487,0.907578660922374,-11.11064744510983,12.544937600221488,0.587441086769104,dca2cc206bb34bc197ae8ebdaed22f35,
6,1815.7219933710549,2554.2796496888727,-1.166810699104239,1.9257044792175293,4.558828353881836,1.72395920753479,0.45481280520064515,-0.01543589324528755,0.0027695332514456614,0.8904489738950846,-8.813057703541965,11.495965771154227,0.5442178249359131,dca2cc206bb34bc197ae8ebdaed22f35,
6,1870.9645295779283,2484.838203772691,1.0902526252129368,1.8478755950927734,4.385412693023682,1.5560415983200073,0.33562575995002075,-0.01494703726632529,0.004745860477285441,0.9418648587474002,-9.854277680362195,9.219421934427285,0.5327088236808777,dca2cc206bb34bc197ae8ebdaed22f35,
7,1866.7591074415304,2493.6036290410084,1.1808517448057065,1.968997597694397,4.676117420196533,1.6908409595489502,0.40167670655726073,-0.01754797221817004,0.005466962080606453,0.9155970753589986,-10.29176231294135,11.862117006384711,0.6655440330505371,fe42b85d7f7a4107b650ffa993a4fbff,
7,1867.0210759864053,2488.62590817989,1.2568794924051074,1.8461503982543945,4.417185306549072,1.5252201557159424,0.36018456526672726,-0.017284964120842627,0.006248921403061436,0.932699983885632,-9.65845603071451,8.403094134369443,0.6523769497871399,fe42b85d7f7a4107b650ffa993a4fbff,
7,1811.839798062396,2559.177905629722,-1.2916154065111236,1.8906668424606323,4.4890007972717285,1.7341238260269165,0.45807588395056253,-0.017855152489415275,0.004360336333378863,0.8887230533408876,-8.229527856431595,11.723476844216107,0.5420241355895996,fe42b85d7f7a4107b650ffa993a4fbff,
7,1872.9162046059055,2505.260582345062,0.49182076628459187,2.128878593444824,5.550200939178467,2.2509353160858154,0.9188880798738056,-0.005611916791361368,-0.017502153961364085,-0.394089936007595,8.213794012088206,-7.876108313802779,0.5119084715843201,fe42b85d7f7a4107b650ffa993a4fbff,
8,1863.1998484972291,2493.3117692813694,1.0312440495456772,1.9019349813461304,4.5405659675598145,1.555321216583252,0.3783824787315803,-0.01828141115087757,-0.0025853424242209466,0.9254651834617159,-9.028468505869611,8.298131230740477,0.6690899729728699,fe2a163b8948451b95fa48e21e1988ce,
8,1861.6598285630253,2499.4076608242676,0.9500097732294804,1.965512990951538,4.622513771057129,1.7038471698760986,0.4067781874950227,-0.018192864957034403,-0.003148595523883157,0.9133403594439187,-10.649029542522618,11.366955979374637,0.6518751382827759,fe2a163b8948451b95fa48e21e1988ce,
8,1877.3513397464899,2506.75464064935,0.6994526560101201,1.9030126333236694,4.4642510414123535,1.6152335405349731,0.9693868854675858,-4.234737726035737e-06,-0.018463314198293432,-0.24484315856142663,0.00862650000650677,0.0006881222824644745,0.6142703294754028,fe2a163b8948451b95fa48e21e1988ce,
8,1817.1473268786951,2565.5518151557626,-0.9816254385625388,1.9335492849349976,4.448501110076904,1.6319832801818848,-0.8912468435593487,-0.004078665240701822,0.018007178540021145,0.453142549156863,7.239931893149318,-10.236628464045348,0.6053735613822937,fe2a163b8948451b95fa48e21e1988ce,
8,1823.292905502847,2561.1305749534686,-0.8943316213332916,1.8658121824264526,4.39117431640625,1.5696412324905396,-0.9035757170961806,-0.0035732747837363987,0.018114240156236777,0.42803040719673785,7.441046704005337,-8.796301089734735,0.5663164854049683,fe2a163b8948451b95fa48e21e1988ce,
9,1826.70560376328,2557.2358495628932,-0.5256046978181229,1.940807819366455,4.669479846954346,1.6295526027679443,-0.8850315834874407,-0.00449494627572948,0.017929993124305856,0.4651638496640229,5.94293591796164,-8.641559205327047,0.704021155834198,3a7aa284dd9d485d8effc20db8cda140,
9,1856.6292089398275,2505.1479229131187,0.9183691785611268,1.9399232864379883,4.554354190826416,1.6242032051086426,0.41870375017454936,-0.018138724541620167,-0.0035603184496019206,0.9079347335542952,-9.919742842261297,10.647108243839076,0.6554880738258362,3a7aa284dd9d485d8effc20db8cda140,
9,1859.2801188905398,2498.16151467528,0.9476056483009616,1.9409252405166626,4.607747554779053,1.6005617380142212,0.35491624768507324,-0.018341505240500065,-0.0022974727358683034,0.9347153405896836,-8.962304812350265,7.24773972957978,0.6202937960624695,3a7aa284dd9d485d8effc20db8cda140,
9,1821.3464694273798,2560.4032163050465,-0.6097654413075922,1.9249885082244873,4.516907215118408,1.6619908809661865,-0.8711642018061087,-0.005013221228690709,0.01779204340067645,0.4906437040216315,6.868241646060963,-11.23382872066436,0.5044689178466797,3a7aa284dd9d485d8effc20db8cda140,
10,1855.053178187008,2503.2653527583107,0.6828499331023352,1.956146478652954,4.609438896179199,1.6475368738174438,0.3394246812453811,-0.01685188264975381,-0.013055679596570403,0.9403916466254376,-8.40501989103634,6.618225216432956,0.7255101203918457,f218a2b4fa6941f7ac3798adc72126e8,
10,1851.7462103661119,2510.9568339641432,0.6274198051023753,1.9401417970657349,4.618388652801514,1.6292848587036133,0.4159335472063402,-0.015716017280176877,-0.014402899687860076,0.9091451191035355,-9.278196781045777,10.597049067648525,0.6980416774749756,f218a2b4fa6941f7ac3798adc72126e8,
10,1830.2169464065419,2552.664409985653,-0.2963657020333621,1.9121514558792114,4.62979793548584,1.6573494672775269,-0.8890254628609852,-0.015111390012023678,0.015036043710826636,0.4573612244891798,7.173086378959965,-10.430237363356692,0.6919365525245667,f218a2b4fa6941f7ac3798adc72126e8,
10,1825.2869708255303,2554.6725938013074,-0.3899150184880892,1.8370187282562256,4.30804443359375,1.5969408750534058,-0.8671519082604209,-0.01578399600560175,0.014328370063078572,0.49758731020971714,5.756986026689251,-9.868099674321625,0.5682591199874878,f218a2b4fa6941f7ac3798adc72126e8,
11,1846.84913839364,2516.6258958445887,0.005122802125161483,1.9668675661087036,4.527442455291748,1.6430997848510742,0.432835573958252,0.008260632960890284,0.0009908231287155936,0.9014344935317503,-9.444874950506346,10.578797265657885,0.7106489539146423,17723c0411434e48875a93de4db0ecba,
11,1833.8471679793784,2548.666773201359,-0.40539947508839586,2.008939743041992,4.9915690422058105,1.6851214170455933,-0.9015789270115889,0.0009880656133979654,-0.008260963244717003,0.4325346443711126,7.971649079665883,-10.216079927559285,0.7098686695098877,17723c0411434e48875a93de4db0ecba,
11,1812.8972245823136,2564.447200262305,-0.3980399025553001,1.8564294576644897,4.345948696136475,1.5523681640625,-0.8415024825893738,0.001997090473321721,-0.008076596871722172,0.5401891816840962,0.0026292212127806136,-0.0017298943205259992,0.7071577906608582,17723c0411434e48875a93de4db0ecba,
11,1815.5942329625877,2567.148382526604,-0.5052841913604098,1.8447784185409546,4.373076438903809,1.5263491868972778,-0.8988878066163686,0.001039115313762509,-0.008254697253785205,0.4380998645617536,8.357243763656498,-10.203908066511332,0.6926570534706116,17723c0411434e48875a93de4db0ecba,
11,1850.7229167018065,2508.2087769491495,-0.00576885169355106,1.9254995584487915,4.410506248474121,1.6519012451171875,0.3742683409800389,0.008307104584478019,0.0004602182194231595,0.927283122434924,-7.919299406351344,7.252649246722403,0.630687952041626,17723c0411434e48875a93de4db0ecba,
11,1830.0883877259992,2549.159780634722,-0.20996059661264993,1.82918381690979,4.292291164398193,1.5712372064590454,-0.890626473522953,0.0011916973766181935,-0.008234053968095307,0.4546595043245895,6.128534516918501,-7.818401431194081,0.6173713803291321,17723c0411434e48875a93de4db0ecba,
11,1791.1348251011573,2516.2294851603033,2.069421750480333,1.9879493713378906,4.622460842132568,1.7991769313812256,0.9531284755157398,0.004938841346946455,0.00669534416864711,0.30245146614565244,3.5861915706131726,2.6481905763815825,0.6049622893333435,17723c0411434e48875a93de4db0ecba,
12,1834.9289167999477,2543.6345887972625,-0.2894926723128212,2.0129823684692383,5.007059574127197,1.7508585453033447,-0.8885094295117165,0.019852470117011408,0.001823588233641542,0.4584250730762568,5.653926601398625,-8.599085202703915,0.751343309879303,7fd597745c26471ab336b3dd41a5f6dc,
12,1812.9416430995025,2564.6222072774626,-0.542578263060224,1.9669194221496582,4.835139274597168,1.684868574142456,-0.7753293876312086,0.01905391774030938,0.00586466218449369,0.6312423422360245,-2.541536495028249e-06,-5.477406997746798e-07,0.7313272356987,7fd597745c26471ab336b3dd41a5f6dc,
12,1793.2074577451212,2517.6416139675493,2.285292690928424,1.957423210144043,4.498294353485107,1.6870697736740112,0.9353319588270619,-0.014643943795981208,0.013527784515316991,0.3532091175959907,3.5890885017612084,3.1931000745157347,0.6952605843544006,7fd597745c26471ab336b3dd41a5f6dc,
12,1841.9044318826268,2522.382968992817,0.5456931905651234,1.9048599004745483,4.442593097686768,1.5615018606185913,0.41754640852819247,-0.0009189227343602826,0.019914859396967445,0.9084368721498566,-9.252090554466843,10.293794264884909,0.6837286353111267,7fd597745c26471ab336b3dd41a5f6dc,
12,1846.729821404272,2512.9438628412363,0.8171780778455582,1.9517866373062134,4.664570331573486,1.610913872718811,0.4239294855444183,-0.0010590572313014996,0.019907898974365294,0.9054757562973467,-7.812251887436585,9.303891973210975,0.6046768426895142,7fd597745c26471ab336b3dd41a5f6dc,
12,1820.029334431897,2562.490057348599,-0.6327342644903655,1.8795256614685059,4.530980110168457,1.5572391748428345,0.9315170621797596,-0.019934364267210358,0.00025916221729579134,-0.3631508182893121,9.407290232963108,-9.418927433533126,0.5878724455833435,7fd597745c26471ab336b3dd41a5f6dc,
13,1813.009464344888,2564.5565785116714,-0.49752276798823164,1.9304417371749878,4.675042629241943,1.671695590019226,-0.7677560480400443,0.011743924727936589,0.009767102370283963,0.6405601725374488,0.003511504588122375,0.006946241116702333,0.6884586811065674,19f02e3faab4412988f28d419e1727fa,
13,1814.7101172562232,2568.8971126756264,-0.5919357987124351,1.904223918914795,4.498062610626221,1.7251888513565063,-0.86665495783091,0.013251351667053327,0.007597218946636335,0.49867411002615397,5.738080340005958,-10.467899078993437,0.6876972913742065,19f02e3faab4412988f28d419e1727fa,
13,1824.9541678228297,2556.666372556027,-0.3917671965457956,1.9108712673187256,4.72127628326416,1.567309856414795,-0.8994587692391782,0.013750994469077585,0.006650278779002033,0.4367386018913551,8.16888753567534,-10.307179122043628,0.6811224818229675,19f02e3faab4412988f28d419e1727fa,
13,1842.6841260027722,2518.2644410527464,0.7243447348881649,2.013822317123413,4.823951721191406,1.6482292413711548,0.42669121649730585,-0.0064966752340845325,0.013824227559971652,0.9042683726125349,-8.585342533089735,10.235828119879415,0.5968867540359497,19f02e3faab4412988f28d419e1727fa,
13,1837.0814639423565,2527.928092363129,0.5346122073041893,1.9168885946273804,4.518585681915283,1.5842974185943604,0.44673984619611823,-0.00680318022123244,0.0136759934046664,0.8945335062276548,-10.22761777817026,12.580684785927698,0.5952674746513367,19f02e3faab4412988f28d419e1727fa,
14,1813.0518050587277,2564.5902058151837,-0.3449268113445576,1.9479926824569702,4.75639533996582,1.6670773029327393,-0.7516111528692817,-0.0024818395503286056,0.016596536218373502,0.6593929559378899,0.00021089573188767628,0.00026428808039696215,0.7511287927627563,312cd4d3bef1476a9211d3dab50dd0b7,
14,1844.689835386982,2536.1441103296847,0.7352816830093523,1.8710719347000122,4.602846622467041,1.754334568977356,0.9327360675525902,-0.0033863542002129012,-0.01643584945270731,-0.3601691599020229,9.580963250113422,-8.289277625452996,0.698102593421936,312cd4d3bef1476a9211d3dab50dd0b7,
14,1830.501904550344,2550.4203305668852,0.2641863073199254,1.8063831329345703,4.47823429107666,1.5396593809127808,-0.9048657310079884,0.0022130370377787213,0.0166345125889152,0.4253662002385447,8.554101188505776,-10.056141781613569,0.6899110674858093,312cd4d3bef1476a9211d3dab50dd0b7,
14,1832.4839781621006,2533.976916779282,0.8049203849881383,1.84329092502594,4.366785049438477,1.5451960563659668,0.41082490708737135,-0.016596950191062238,0.0024790696554872708,0.9115598121761684,-9.715136353622785,11.211604606026746,0.6757447719573975,312cd4d3bef1476a9211d3dab50dd0b7,
14,1838.3934729065172,2523.324419232515,1.0334754419291676,1.905351996421814,4.483896732330322,1.6009505987167358,0.4158545695913081,-0.016610392590552695,0.002387341615494282,0.909276290468429,-9.160443694920872,10.652830728775566,0.6384927034378052,312cd4d3bef1476a9211d3dab50dd0b7,
14,1844.5018430930352,2531.5690972916163,0.870226129443055,1.9339573383331299,4.5941619873046875,1.6536500453948975,0.936266842499288,-0.0035494084301545014,-0.016401409750302163,-0.3508885793160162,10.739158204196935,-9.762039430736783,0.6033923625946045,312cd4d3bef1476a9211d3dab50dd0b7,
14,1819.6103656803245,2563.4321798647406,-0.15305341363017905,1.7874661684036255,4.247241020202637,1.5456879138946533,0.9112109386287601,-0.002464987844863171,-0.016599047470443464,-0.41159813019654606,7.168029605304997,-9.12656190511094,0.5888145565986633,312cd4d3bef1476a9211d3dab50dd0b7,
15,1813.0139324817362,2564.6666496711046,-0.1044294220824963,1.8895034790039062,4.591958522796631,1.6164829730987549,-0.7472985243008775,0.0005712720695451854,0.009484111502797947,0.6644205301275359,-4.499684924645329e-05,0.00026494820890548973,0.8008726835250854,4aaaf68b9f9f45968a4e862eb03e17ea,
15,1833.925361301511,2528.3152808286136,0.6760768925758913,1.9034185409545898,4.4568328857421875,1.646157145500183,0.43964039761751134,-0.008983386420565847,0.0030941058795296438,0.8981236251540995,-8.863078824676359,10.52021645358779,0.6876450777053833,4aaaf68b9f9f45968a4e862eb03e17ea,
15,1827.538087934991,2539.6866790700524,0.4575971582272394,1.8883731365203857,4.446809768676758,1.5850334167480469,0.414857194505157,-0.00889520004428297,0.003339182377040081,0.9098369268415826,-8.874648841795437,9.642932889410512,0.6809374094009399,4aaaf68b9f9f45968a4e862eb03e17ea,
15,1833.9288687202948,2544.4651627741887,0.3333307563582228,1.8779821395874023,4.5340704917907715,1.603386402130127,0.9254221119391777,-0.0036858184807802693,-0.008757252131901046,-0.3788187429513713,10.735369325365957,-10.345416122192107,0.6385297775268555,4aaaf68b9f9f45968a4e862eb03e17ea,
15,1849.885076212764,2525.2962297586073,0.7388486776613955,1.9301514625549316,4.6154093742370605,1.6554630994796753,-0.8808121961368691,0.002751339734807083,0.009094220826361018,0.47337046846394076,8.519247227398132,-12.98596542946449,0.6340320110321045,4aaaf68b9f9f45968a4e862eb03e17ea,
15,1824.1686959665342,2556.9588271395214,-0.008714110582883105,1.810085415840149,4.490943431854248,1.5647659301757812,0.9133421363338909,-0.0034149277698649694,-0.008866396737206825,-0.4070821382402689,9.03015945802124,-9.671653019706813,0.5776606798171997,4aaaf68b9f9f45968a4e862eb03e17ea,
15,1848.6832316443572,2531.92577767502,0.48702234951167606,1.8838891983032227,4.569396018981934,1.5613596439361572,0.9217638285265851,-0.003602055769001075,-0.008792037136634083,-0.38763535661396714,7.296714942266013,-7.0596071518160874,0.5440635085105896,4aaaf68b9f9f45968a4e862eb03e17ea,
15,1840.6235891232604,2523.7742771699927,0.7024800210576099,1.886945366859436,4.451742649078369,1.5815930366516113,0.4044889520965469,-0.008856671415433883,0.003440071832677796,0.9144935280848425,-10.189453823488599,11.72208212935854,0.5237975120544434,4aaaf68b9f9f45968a4e862eb03e17ea,
16,1812.8821431477634,2564.6041279979477,0.030434530202878847,1.9170459508895874,4.723171710968018,1.6073274612426758,-0.7257287592977738,-0.010735558713044956,0.01063923698581384,0.6878148895913729,0.0014219797596844014,-0.003206678404763087,0.7487437725067139,639a4120779f44bb9cf41be3e8612e36,
16,1829.035677623774,2550.974188197073,0.44009974280225284,1.8272955417633057,4.316150665283203,1.5929889678955078,0.9235922925373002,0.006225039060444549,-0.013772961671967444,-0.38307810115063023,10.138022038325438,-10.14615366324048,0.6656427979469299,639a4120779f44bb9cf41be3e8612e36,
16,1839.1951210669115,2537.865445112414,0.5580483933770132,1.9613978862762451,4.67858362197876,1.6955286264419556,0.9096583865059009,0.00670198313032464,-0.01354728779654395,-0.41508212955385065,8.641830936023174,-10.009276516996366,0.6578503847122192,639a4120779f44bb9cf41be3e8612e36,
16,1829.856467610811,2533.1053327091035,0.6380721221786743,1.9634004831314087,4.729398250579834,1.6553514003753662,0.43681019900580137,-0.013382414382420707,-0.007025423106028851,0.899426708776202,-9.549160373495036,12.119103451431084,0.6473227739334106,639a4120779f44bb9cf41be3e8612e36,
16,1822.665884688801,2545.4785349286726,0.506820293511894,1.830640196800232,4.27409553527832,1.54087495803833,0.404840655104739,-0.01362169562387436,-0.006549426910201134,0.9142623247131232,-9.185165204720413,9.800130392405334,0.5872423648834229,639a4120779f44bb9cf41be3e8612e36,
16,1834.7917092555333,2529.734316291782,0.6332320174915802,1.83204185962677,4.280417442321777,1.5173611640930176,0.4482127355627008,-0.013291991128874003,-0.00719503692495594,0.8937991374435751,-6.798895665219656,9.62481095994936,0.5701807141304016,639a4120779f44bb9cf41be3e8612e36,
17,1813.0676301915082,2564.673642846829,0.20286790712904532,1.8995903730392456,4.588108062744141,1.629758358001709,-0.7698989252457592,-0.01498056232555638,0.014842595285216146,0.6378173132042076,0.0007295579245412576,-3.611964968220632e-05,0.7787781953811646,b2f333255d574bebb6f170beaab6a824,
17,1778.6057984054546,2604.203173189899,-0.45742520524141017,1.8992514610290527,4.530610084533691,1.724478840827942,0.980570600175949,0.0061213671207619854,-0.02018040502476236,-0.19502968540247534,-2.5378824239014444e-06,-5.568854894978083e-07,0.6505504846572876,b2f333255d574bebb6f170beaab6a824,
17,1818.4604834124116,2550.7331885263757,0.6079878106996928,1.801386833190918,4.31209659576416,1.5237151384353638,0.4317579950651635,-0.018036241046949807,-0.010927666323919432,0.9017429311144722,-8.683557093942055,10.517862205294124,0.6430798768997192,b2f333255d574bebb6f170beaab6a824,
17,1825.9695361624536,2538.3316432477327,0.7312224766608207,2.0355072021484375,4.909883499145508,1.7682195901870728,0.4438465024582276,-0.017887643434809794,-0.011169247724878605,0.8958546547142611,-10.7628201610735,12.189163842924868,0.6419991254806519,b2f333255d574bebb6f170beaab6a824,
17,1833.5113375119354,2545.7696683638865,0.764417068131785,1.9041509628295898,4.593939304351807,1.7475742101669312,0.9233162746746979,0.009958444614424165,-0.018588955410459358,-0.38346099806687944,9.748258029348316,-10.155460780291039,0.5118880271911621,b2f333255d574bebb6f170beaab6a824,
18,1812.980811372727,2564.6326637388993,0.29871290981007215,1.9210269451141357,4.672917366027832,1.66470468044281,-0.7462236458474082,-0.014146643545241238,0.010146278581419303,0.6654676520204073,-2.5421173827428847e-06,-5.406216436743651e-07,0.8605990409851074,0106a9b8e65f4ad1867b44591aeed8b0,
18,1813.6047292580158,2556.525522974791,0.4502217465136007,1.8345798254013062,4.28494119644165,1.5463038682937622,0.4359442566262328,-0.013629229888423489,-0.010831370425591931,0.8998052737242394,-8.503262201364407,10.654532347213607,0.705295741558075,0106a9b8e65f4ad1867b44591aeed8b0,
18,1822.0744832914513,2543.2068792061436,0.5681649428533524,2.0282106399536133,4.856161117553711,1.7578216791152954,0.42033729484418625,-0.013814281990561046,-0.010594343100595921,0.9072009061230173,-9.785785524177289,11.150204797536587,0.6541842818260193,0106a9b8e65f4ad1867b44591aeed8b0,
18,1783.20089978318,2604.3054267075954,-0.22109896410924695,1.9599181413650513,4.6878767013549805,1.6329467296600342,0.9162901889770876,0.0102857088847476,-0.014045593094850354,-0.40013649557580333,8.691688386434619,-9.467555177813834,0.6088104248046875,0106a9b8e65f4ad1867b44591aeed8b0,
18,1778.733755603677,2603.984711479719,-0.24326929982225307,1.814054012298584,4.361034870147705,1.582169771194458,0.88762284842504,-0.00444180082093741,-0.0168328517523028,0.46024189776808716,-0.05474362980548658,0.00617454404728836,0.551956057548523,0106a9b8e65f4ad1867b44591aeed8b0,
19,1813.1562477249859,2564.6331742486104,0.31586684806238025,1.956558346748352,4.753658294677734,1.7166200876235962,-0.7252583667431274,-0.015122586059842787,0.007494396287439567,0.688269891019679,-2.5441841573987854e-06,-5.314253354189836e-07,0.8048224449157715,4786b3c0d0a24c8b86b0676d32dd5919,
19,1778.3907018057876,2604.1441334330652,-0.024186388077500183,1.857422113418579,4.390465259552002,1.6597185134887695,0.5362180966267882,-0.010258449388877024,-0.013402343115529763,0.8439107146286826,-2.5441841573987854e-06,-5.314253354189836e-07,0.7221593260765076,4786b3c0d0a24c8b86b0676d32dd5919,
19,1808.9744650183343,2562.0535192697157,0.3453580429352485,1.7977888584136963,4.383936882019043,1.4335328340530396,0.3882129088134221,-0.012346861744124275,-0.011507110407136098,0.921415150106493,-9.285353224788356,10.462637473094937,0.7147218585014343,4786b3c0d0a24c8b86b0676d32dd5919,
19,1817.4369008504793,2548.094872624547,0.33501023560149545,2.0948352813720703,5.01074743270874,1.9387248754501343,0.4150083730747843,-0.012004863156760538,-0.011863466838913185,0.9096610312050143,-9.826436053913659,11.126241349359258,0.7092818021774292,4786b3c0d0a24c8b86b0676d32dd5919,
19,1787.4891370256387,2599.375869503519,0.023782049972516317,1.8669772148132324,4.447763919830322,1.5838267803192139,0.9117786712817479,0.011801707644727395,-0.012065582518839378,-0.4103349802427763,8.727166166488027,-9.486879612460758,0.6181334257125854,4786b3c0d0a24c8b86b0676d32dd5919,
20,1812.9599477104632,2564.6426292389365,0.3056099743979036,1.948364496231079,4.710304260253906,1.6630057096481323,-0.7155917565470221,-0.023379305609154966,0.005293438998004355,0.6981073166317308,-2.5445097653018407e-06,-5.242234390771706e-07,0.8001024723052979,4ee219c4638949de9d994bc792fd0a69,
20,1804.3127240966764,2567.7829470898487,0.2981922251729974,1.790088415145874,4.236112117767334,1.4569816589355469,0.41377266947176466,-0.012914715128742814,-0.020194617112866478,0.9100645941750607,-9.228601856829773,10.842175247485665,0.7469173669815063,4ee219c4638949de9d994bc792fd0a69,
20,1791.1814238397653,2595.150316651906,0.14032641680990998,1.8809770345687866,4.6136393547058105,1.6148364543914795,-0.9035070520241767,-0.020393392090976317,0.012598491426181265,0.42790231889461605,7.480935891924192,-8.7398983643318,0.6796789765357971,4ee219c4638949de9d994bc792fd0a69,
20,1778.5902326515866,2604.3802109674225,0.10182756375721487,1.8439240455627441,4.513247966766357,1.5501043796539307,0.45102888694818105,-0.012069111017143475,-0.02071108366183972,0.8921873854247734,-2.5445097653018407e-06,-5.242234390771706e-07,0.636258065700531,4ee219c4638949de9d994bc792fd0a69,
20,1813.2120017698533,2553.1294129376106,0.21568861414106918,2.0189409255981445,4.756978511810303,1.7210485935211182,0.4301217216675352,-0.012548329236919108,-0.020424295839850618,0.9024525982690521,-9.359567035503666,10.972669961900236,0.6272278428077698,4ee219c4638949de9d994bc792fd0a69,
21,1794.5234513791747,2590.6972237024743,0.19503215989915515,1.8038008213043213,4.351078987121582,1.5201358795166016,-0.8973097147430937,-0.024838379911159923,0.008325510519430595,0.4406234408036496,6.243860475604126,-8.176442260516245,0.7505376935005188,ac9af15d1aba4f5786877dde9f0b1c93,
21,1778.3945623873703,2604.3183456738275,0.2759487300214408,1.767980694770813,4.249897003173828,1.5552417039871216,0.42582305433097745,-0.008732429748263291,-0.024698257280867178,0.9044271486185148,-2.544309491898646e-06,-5.257830901053125e-07,0.7413942813873291,ac9af15d1aba4f5786877dde9f0b1c93,
21,1799.5160684875784,2573.414823003678,0.07734096240758598,1.8233861923217773,4.31086540222168,1.537741780281067,0.42494416720053485,-0.008756420944993069,-0.024689761729396034,0.9048404254454061,-9.058448376686979,11.003373447322058,0.7370091080665588,ac9af15d1aba4f5786877dde9f0b1c93,
21,1813.1021418729117,2564.9366745988414,0.08277614797619079,1.8595552444458008,4.514410018920898,1.679796814918518,-0.7408398625209502,-0.02617144649727977,0.0011465732686072845,0.6711706480902746,-2.544309491898646e-06,-5.257830901053125e-07,0.7192479968070984,ac9af15d1aba4f5786877dde9f0b1c93,
21,1773.9294930096662,2610.5870716380896,0.33357815147872594,1.7693138122558594,4.242847442626953,1.5564805269241333,0.5556509938690621,-0.0049604313813851695,-0.025722623554583844,0.831002836198712,-0.995735030077447,2.4228582039841435,0.6346399784088135,ac9af15d1aba4f5786877dde9f0b1c93,
21,1809.1024483982358,2557.9959434431116,-0.08781728898509991,2.0355405807495117,4.9421067237854,1.7132563591003418,0.4056578633205662,-0.00927809533972167,-0.02449849360445041,0.9136495163267874,-9.411842978725458,10.949599209817476,0.6186972856521606,ac9af15d1aba4f5786877dde9f0b1c93,
22,1795.1210905782793,2578.854630939556,0.2695802349342818,1.8241859674453735,4.367909908294678,1.5108600854873657,0.43910369806257177,-0.01569834974172417,-0.02024392149046387,0.8980710928461334,-8.97046655998195,10.715360498173817,0.826539158821106,61d47d1198184bfdaa6777e9448d825d,
22,1778.1523187637633,2604.573962344796,0.07471983659854899,1.7647441625595093,4.333118915557861,1.5293093919754028,0.394705688264684,-0.016668587048646627,-0.01945283392534995,0.918450415161089,-0.19515556067612122,0.30662828394861513,0.7857997417449951,61d47d1198184bfdaa6777e9448d825d,
22,1773.4289550771596,2611.899466716884,0.07092577271262038,1.8345615863800049,4.404306411743164,1.6186269521713257,0.5575633282647163,-0.012788576330709811,-0.022197001089317558,0.8297390435748138,-1.0491126538359654,2.3458665341843945,0.6840273141860962,61d47d1198184bfdaa6777e9448d825d,
22,1796.9748421225759,2586.8372993705975,0.3022920475906758,1.8022642135620117,4.4184088706970215,1.5568166971206665,-0.8761201717111765,-0.020969182077961817,0.01471556811362854,0.48141166394142676,5.4078379851192295,-8.787712984398537,0.6614953875541687,61d47d1198184bfdaa6777e9448d825d,
22,1804.9737827824813,2563.0907406819424,0.307667319700929,1.9950942993164062,4.738295555114746,1.7176823616027832,0.4163861506166449,-0.016202347759914474,-0.01984284427677521,0.908826891675597,-8.808403990815307,10.574918799863221,0.6513246297836304,61d47d1198184bfdaa6777e9448d825d,
23,1790.3738307943643,2584.731980535195,0.1299618614119592,1.8544118404388428,4.427108287811279,1.5322989225387573,0.4407094896206797,-0.008717332955920191,-0.024279732067298925,0.8972790248719491,-9.562741908681698,11.568951163845353,0.8194823265075684,f1fd429830e3437db4ba03ba851f0015,
23,1800.7578372382425,2583.190932904691,0.2072373414353549,1.8218103647232056,4.363408088684082,1.5895037651062012,0.9275161117060758,0.02356569736293483,-0.010495484311015008,-0.3728918948469087,6.235069924669585,-6.175165032327235,0.6664266586303711,f1fd429830e3437db4ba03ba851f0015,
23,1772.7650263948594,2613.1503258388516,0.25326370418031807,1.7109642028808594,3.9734201431274414,1.500459909439087,0.5910432529481121,-0.004330363831488708,-0.025431186213213303,0.8062272482751931,-0.9190184890085864,2.4911242255031345,0.6647967100143433,f1fd429830e3437db4ba03ba851f0015,
23,1801.2211376193252,2567.7512114220917,-0.10155706855598774,2.0011467933654785,4.752447605133057,1.6702091693878174,0.4225967353318694,-0.00920328617355438,-0.024099726279189534,0.9059506068234194,-8.706968795279495,9.992095717934115,0.6246969699859619,f1fd429830e3437db4ba03ba851f0015,
23,1777.8307156981737,2604.9926002249726,0.19039398557910253,1.82571542263031,4.442073345184326,1.6001529693603516,0.4304687339783671,-0.008993103511957505,-0.024178944814598785,0.9022367603816294,-0.4399065325242812,0.6321053944897421,0.6243840456008911,f1fd429830e3437db4ba03ba851f0015,
23,1800.7053290983704,2572.690325036886,0.10154295899144186,1.8285014629364014,4.413304328918457,1.5101172924041748,0.45882854144008406,-0.008222792867668154,-0.02445164535526437,0.8881502532099177,-8.99820640954413,11.629108453093776,0.5478779673576355,f1fd429830e3437db4ba03ba851f0015,
24,1785.5744773619542,2590.4221608495436,0.12257890089551476,1.8615819215774536,4.414702415466309,1.5549802780151367,0.4133990460169107,-0.00815184683094426,-0.015926808909294175,0.9103741609379739,-9.825201150541643,10.856414953921385,0.7803632020950317,7df1288fed8a403b8e7a35112b392d7c,
24,1776.626161675703,2607.016542357775,0.1562770167336985,1.821030616760254,4.387645244598389,1.5950274467468262,0.4433233314762953,-0.007619887861683564,-0.016188056021762334,0.896183188817984,-1.095668102711832,1.5718577624108432,0.7404683828353882,7df1288fed8a403b8e7a35112b392d7c,
24,1797.0635230396758,2572.213976037891,0.05824232721281974,1.915229082107544,4.5154948234558105,1.5705662965774536,0.3792436432383608,-0.008738738209671002,-0.015612504709084455,0.9251238529053861,-8.463946527296542,7.882202291411607,0.7068806290626526,7df1288fed8a403b8e7a35112b392d7c,
24,1795.8818654895101,2578.3870851457395,0.1209735032451536,1.8938502073287964,4.524506568908691,1.5593191385269165,0.42354110745648565,-0.00797345398124406,-0.016016862376799383,0.9057001791132347,-10.576915439456396,11.189557601765452,0.6661308407783508,7df1288fed8a403b8e7a35112b392d7c,
24,1772.2800590338693,2615.017092725807,0.17900378661453456,1.7689752578735352,4.214329719543457,1.5504246950149536,0.6171276899405422,-0.0041505234903291225,-0.017403706603611038,0.7866595823225329,-0.763124690737945,2.773004278581109,0.6656732559204102,7df1288fed8a403b8e7a35112b392d7c,
25,1775.5733979053646,2608.194481391682,0.11135885966922318,1.8526535034179688,4.511372089385986,1.5908292531967163,0.48257694276405866,-0.0018548536760860028,-0.012802947517456765,0.8757580364262724,-1.672654020157487,2.4626506129680092,0.8129335641860962,264c5f3a04744d53a72fd07c1bb6a724,
25,1781.0402528089742,2596.059211745129,0.06504604561427162,1.8959969282150269,4.581308364868164,1.55389404296875,0.43139685291560037,-0.0025883137760753755,-0.01267503763667077,0.9020695091550437,-9.994504030290692,11.777009008429197,0.7778088450431824,264c5f3a04744d53a72fd07c1bb6a724,
25,1772.4519176576662,2616.915448615659,0.11146901418969322,1.8080742359161377,4.364832401275635,1.633596420288086,0.7044396791295607,0.001730884049797648,-0.0128202959287451,0.7096459557557888,0.009116244591440817,3.4291131007372653,0.7580925822257996,264c5f3a04744d53a72fd07c1bb6a724,
25,1792.7885610326337,2577.166462351127,-0.06424669599558913,1.902029275894165,4.4708967208862305,1.5929765701293945,0.395333386620714,-0.003088257856446487,-0.012562587739257332,0.9184466002309022,-7.980481656859862,8.128285971358254,0.6526654958724976,264c5f3a04744d53a72fd07c1bb6a724,
25,1791.02023342661,2584.0480174757695,0.013104772638496971,1.8596124649047852,4.502185344696045,1.4875071048736572,0.4348997042093215,-0.002539029647408857,-0.012685002000158334,0.9003859679778169,-9.754358966159336,11.39614298288274,0.605300784111023,264c5f3a04744d53a72fd07c1bb6a724,
26,1774.4795944580205,2609.640273057499,0.11879095094843899,1.8201292753219604,4.360124111175537,1.5968104600906372,0.4879670475747359,-0.0014999825982775286,-0.019315949324372094,0.8726470103284022,-1.5151841855618067,2.2917574257401174,0.7765336632728577,bc0040070bcc4233a057bb293f5f6444,
26,1772.9472714949343,2619.2201045082015,0.0838399910194512,1.7690961360931396,4.1994171142578125,1.5273009538650513,0.7640219062171936,0.00539849055458414,-0.01860677687910811,0.6448993494911814,1.0770443895983401,4.5992597191763025,0.7498361468315125,bc0040070bcc4233a057bb293f5f6444,
26,1789.1160829932314,2581.8146671030927,-0.3275920800733662,1.925951600074768,4.620430946350098,1.6120166778564453,0.37991237643389614,-0.0038031738895780184,-0.018997150166866563,0.9248195663945766,-7.91834497320578,7.9223807682722,0.6920735239982605,bc0040070bcc4233a057bb293f5f6444,
26,1781.5881014481583,2622.467859164338,0.0820310675841097,1.8336236476898193,4.381592273712158,1.4481136798858643,-0.3797841306357744,-0.01605773372979466,-0.010839973872655829,0.9248722388909357,-3.4021288250061263,-3.0207732973491424,0.6786249876022339,bc0040070bcc4233a057bb293f5f6444,
26,1776.1336290313752,2602.0566437783295,0.026816384751417007,1.811362385749817,4.362774848937988,1.5113896131515503,0.3935124759252972,-0.0035225451307556396,-0.019051181640481935,0.9191151045679999,-10.120354145723931,10.478979791201851,0.6757898926734924,bc0040070bcc4233a057bb293f5f6444,
26,1786.198109887737,2589.785724042575,-0.139803760141924,1.8487120866775513,4.4196696281433105,1.5042011737823486,0.42168051574160603,-0.0029331259993327498,-0.019150786353799798,0.9065374712596255,-9.535213025187767,10.334507941452767,0.674000084400177,bc0040070bcc4233a057bb293f5f6444,
26,1786.8118695267933,2630.9805865232556,0.16476581979132254,1.9747437238693237,4.549680233001709,1.628298044204712,-0.3099556353230134,-0.015207172019255179,-0.012004072861892694,0.9505536009533657,-2.5455688982707836e-06,-5.270348066742474e-07,0.6086453199386597,bc0040070bcc4233a057bb293f5f6444,
27,1773.203241161217,2611.6091555042112,0.11174377474732924,1.8107448816299438,4.450904369354248,1.5323262214660645,0.47963282021762754,-0.004606935318514993,-0.02033820555757242,0.8772214608134903,-2.7526725164099592,4.273854210738894,0.8588215112686157,269ccf1fe399403c914e1f649d2a8ca2,
27,1780.1443054672898,2620.1797974193346,0.14712283540856355,1.8054485321044922,4.380608081817627,1.4447391033172607,-0.38300274547697916,-0.018735973566803364,-0.009155858934862203,0.9235117922900418,-3.199102625993105,-3.704532307384032,0.7391005754470825,269ccf1fe399403c914e1f649d2a8ca2,
27,1771.5461718635104,2607.7847981657874,0.06499062994747067,1.7891736030578613,4.3420796394348145,1.501487374305725,0.40250107020251774,-0.006337080214927074,-0.01986725629473356,0.9151819611571772,-8.12164935932606,9.986456884699129,0.7347580790519714,269ccf1fe399403c914e1f649d2a8ca2,
27,1785.0394681104667,2586.008157710726,-0.16895383291102736,1.9806972742080688,4.730510711669922,1.6525789499282837,0.412670135509934,-0.006115389525574437,-0.019936611278789207,0.9106418026863701,-8.792649554160255,9.807182679258945,0.6746041774749756,269ccf1fe399403c914e1f649d2a8ca2,
27,1786.5297207578608,2630.5796528849633,0.2774476760149965,1.8504165410995483,4.352470397949219,1.5602657794952393,-0.39375522149890807,-0.018841558004204777,-0.008936562555325028,0.9189787587773804,-0.006081156254107988,-0.0029318289509168228,0.654127836227417,269ccf1fe399403c914e1f649d2a8ca2,
27,1781.39687560707,2595.508878467737,-0.029363969443611172,1.8675439357757568,4.475770950317383,1.5176842212677002,0.42985068297117573,-0.005736537319357717,-0.020048905155011995,0.9026591404793299,-9.46785947014955,11.289538470045725,0.6480741500854492,269ccf1fe399403c914e1f649d2a8ca2,
27,1773.446609262034,2621.290639175857,0.06804060266237003,1.8197985887527466,4.367402076721191,1.5261740684509277,0.7721065280511599,0.0033079491548182365,-0.020589413073717953,0.6351508819819528,0.9790047924770844,5.333958087215445,0.5709197521209717,269ccf1fe399403c914e1f649d2a8ca2,
28,1767.2328204092764,2613.2686917150754,0.04920243921416743,1.837294578552246,4.540921688079834,1.5326119661331177,0.42091611466596973,-0.004174937091856304,-0.016825614825819495,0.906933896709411,-9.488897238666006,10.143253491702325,0.8483032584190369,59b32981037042eda1fed3c1026fbaba,
28,1781.1448085752331,2590.502743186179,-0.1982055553304692,1.9427759647369385,4.653063774108887,1.6064131259918213,0.4189723332483256,-0.004210971007845856,-0.016816632753285543,0.9078334938514145,-8.39000006167064,9.413870267293216,0.6588749885559082,59b32981037042eda1fed3c1026fbaba,
28,1779.1841007923315,2617.78840517431,0.08450955364976055,1.8288971185684204,4.416840076446533,1.5300053358078003,-0.5796730734834157,-0.01668624116622219,-0.004701145576395862,0.81466471413969,-1.5436639736652058,-5.60754366290006,0.61314857006073,59b32981037042eda1fed3c1026fbaba,
28,1772.8895272629047,2613.8521396086194,0.013833267080353822,1.7999544143676758,4.2964372634887695,1.529188632965088,0.589337691010571,-0.0008213085158180898,-0.01731637566899145,0.8077007828028526,-1.6703128272464631,5.459042148872561,0.585832417011261,59b32981037042eda1fed3c1026fbaba,
28,1776.2390340378988,2601.6747096396834,-0.03751100301735473,1.8087059259414673,4.327030181884766,1.4921590089797974,0.4366604979108115,-0.003881023594133062,-0.016895829954446655,0.8994593254562957,-9.132924663320935,11.2205113840886,0.5820152759552002,59b32981037042eda1fed3c1026fbaba,
28,1774.334771744296,2623.8551754808273,0.11124757522545216,1.8964495658874512,4.615818500518799,1.6163814067840576,0.8036921232751675,0.00438856568467375,-0.01677116290598533,0.5947927702750473,1.722373411088174,5.022307097550934,0.5222201347351074,59b32981037042eda1fed3c1026fbaba,
29,1762.491986489515,2618.948394068585,0.10327487745689581,1.8190444707870483,4.5858588218688965,1.496346116065979,0.39215624402061444,-0.00444284568665699,-0.01823771323746631,0.9197070877261504,-9.578986844740935,9.650603087726807,0.800563395023346,1dba6570f0774b5cb87de6694bb338c0,
29,1777.1862297247721,2595.5621924399616,-0.20004506479027884,1.9309364557266235,4.63875675201416,1.6435102224349976,0.4527329242225807,-0.0032143073258059035,-0.018493817624892137,0.8914485662465018,-7.494998362525091,9.904305471324184,0.6180670261383057,1dba6570f0774b5cb87de6694bb338c0,
29,1792.3541494221517,2635.961938974934,0.5666141891017252,1.88295578956604,4.367849349975586,1.5740290880203247,-0.28322662619848094,-0.015038413271789564,-0.011233841203896556,0.9588692951337521,-2.554268472581832e-06,-4.83072075540876e-07,0.6176949143409729,1dba6570f0774b5cb87de6694bb338c0,
29,1771.3507525152036,2607.5355715906135,0.012169940167497137,1.7825407981872559,4.330361366271973,1.4625639915466309,0.42261609331801947,-0.003832029713127705,-0.018375761486403953,0.9061143882571823,-10.081110497872443,11.893929440786591,0.5704353451728821,1dba6570f0774b5cb87de6694bb338c0,
29,1777.710695111149,2627.0821617699494,0.05081182640066073,1.8982734680175781,4.5050578117370605,1.5829682350158691,0.8727541164894306,0.007639156425940279,-0.017146321792953608,0.4877990355554489,3.2987537948934644,5.971729647066281,0.5577172040939331,1dba6570f0774b5cb87de6694bb338c0,
30,1757.9086772866524,2624.675999174818,0.16633704245786393,1.813827633857727,4.659867286682129,1.4437415599822998,0.37696040513606605,-0.004834122651100807,-0.02203907874442081,0.9259545146636224,-8.771102377366226,9.471004504819854,0.8139674663543701,3e7ed5cf0b4541e4a0e1b109dfea89cf,
30,1766.7010461385426,2613.2468202849805,-0.03753101093938511,1.7844030857086182,4.186634540557861,1.484607219696045,0.41738900736949763,-0.0038584568962504217,-0.022230655502896095,0.9084477567771285,-10.83863319773095,11.884489658812043,0.6195652484893799,3e7ed5cf0b4541e4a0e1b109dfea89cf,
30,1773.3955124136953,2600.1355229895703,-0.3212425820466235,1.9099317789077759,4.594998836517334,1.5868819952011108,0.4399140804365351,-0.0033028685544595985,-0.022319964001329146,0.8977563768083016,-7.812884514481338,9.88273555279119,0.5737334489822388,3e7ed5cf0b4541e4a0e1b109dfea89cf,
30,1776.8548485363544,2629.500815790106,0.12902745176705963,1.8123462200164795,4.349752426147461,1.541656732559204,0.9034904632895653,0.01132531024755396,-0.01951479135182634,0.4280138934790527,2.4187517749403797,4.19264864730858,0.5691091418266296,3e7ed5cf0b4541e4a0e1b109dfea89cf,
30,1798.7351555904897,2641.9786674282263,0.9384752386115004,1.880927324295044,4.280490398406982,1.6275571584701538,0.9489618538342075,0.013621669021039173,-0.017987213980767802,0.31458275577951766,0.011993175190014313,0.007061918719669492,0.565361738204956,3e7ed5cf0b4541e4a0e1b109dfea89cf,
30,1772.7217442329156,2619.2674874232393,-0.0016553722063514286,1.832310676574707,4.449105262756348,1.5905368328094482,0.7568820694331166,0.005719451943532995,-0.021826076220298588,0.653161881341015,0.681288800504138,5.526722476625316,0.5496761202812195,3e7ed5cf0b4541e4a0e1b109dfea89cf,
30,1792.8185136943118,2636.4195958912123,0.6161279558632098,2.036257028579712,4.715147972106934,1.7292648553848267,-0.35181026507204105,-0.018511080865832683,-0.01290076039957607,0.935799362927883,-0.0002390921453439488,0.001861674687148903,0.5227619409561157,3e7ed5cf0b4541e4a0e1b109dfea89cf,
30,1746.7671969576438,2650.5504932738863,0.46373877353545034,1.9248616695404053,4.597955226898193,1.7618871927261353,-0.8788836144203046,-0.022437020966367873,0.0023811391944687944,0.4765023636560398,3.6379349899442714,-6.067995949009059,0.5022890567779541,3e7ed5cf0b4541e4a0e1b109dfea89cf,
30,1780.4839620809435,2612.073349526379,-0.27411548609156194,1.9470270872116089,4.652915000915527,1.6368516683578491,-0.8537505013428663,-0.02252851648559622,0.001247268482278839,0.5201932253721646,2.91881492033216,-6.011722350384157,0.5005377531051636,3e7ed5cf0b4541e4a0e1b109dfea89cf,
31,1761.9754989865896,2619.1187709483634,0.04059924398989691,1.8361005783081055,4.421346187591553,1.5101666450500488,0.4222706251975634,-0.006657104961662139,-0.02130068930168373,0.9061950577464332,-9.562458406762396,10.867280384681749,0.7472389936447144,be1494c7762c43ca88010f366997a586,
31,1781.7461346886407,2609.4626041014203,-0.14308547434265245,1.900159478187561,4.565354824066162,1.6331945657730103,-0.8889533881527036,-0.021545175900554426,0.005817371108294454,0.45745364495283136,3.7388225698952624,-5.441612926764704,0.7388911247253418,be1494c7762c43ca88010f366997a586,
31,1753.4750518162407,2630.2175486749893,0.2316508339671339,1.6892733573913574,4.272314548492432,1.3876049518585205,0.4445336992766376,-0.006128733940850752,-0.02145868196044935,0.8954840890804427,-7.885844835896093,11.646941901697218,0.6631078124046326,be1494c7762c43ca88010f366997a586,
31,1769.4661794753013,2604.7416717402834,-0.21485835212317325,1.9317100048065186,4.665268421173096,1.594395399093628,0.438329857801155,-0.006276996615760445,-0.021415782140355794,0.8985370884659251,-7.878260235968905,9.580276948558925,0.618087649345398,be1494c7762c43ca88010f366997a586,
31,1775.0034825533207,2622.569528277131,-0.04541458836214101,1.8662786483764648,4.478072166442871,1.5890311002731323,0.9215200754119686,0.009375984491596125,-0.020251600578986326,0.3876889400041252,2.7225239162840933,4.065772376362727,0.538533091545105,be1494c7762c43ca88010f366997a586,
32,1757.5945264351162,2624.67746424031,0.027076798908106617,1.863554835319519,4.584784984588623,1.5173330307006836,0.4414965744234087,-0.005673185629164523,-0.02118974200893894,0.8969947516963559,-9.377003302255117,11.239036430200192,0.7934697270393372,b422bd971acf483592e367c2c5057a60,
32,1748.97471248268,2635.9662231640564,0.22420484616520156,1.686334490776062,4.166058540344238,1.354358196258545,0.4344702147326754,-0.0058386774611904994,-0.021144740412039505,0.9004190370647183,-6.975944842325658,10.508460111203204,0.7243906855583191,b422bd971acf483592e367c2c5057a60,
32,1765.5969450537439,2609.4381299023858,-0.24027555415627172,1.9924945831298828,4.834885120391846,1.6572473049163818,0.44479614682670765,-0.005595130559439661,-0.021210485982437438,0.8953631651830031,-7.377962547180005,9.068341854345897,0.6774434447288513,b422bd971acf483592e367c2c5057a60,
33,1752.9141804320461,2630.477904502581,0.025153690177137814,1.8272472620010376,4.437641143798828,1.4831141233444214,0.4486757282056816,-0.004160540872605299,-0.019998037423697882,0.8934611683324291,-8.388071612285895,10.6935332128542,0.8177433013916016,fa51f1910942494cbe396640010fea64,
33,1744.2878291949487,2641.449720433481,0.22355776439460529,1.7618316411972046,4.285355091094971,1.422263264656067,0.4074730521192347,-0.005067996163680772,-0.019787546993934275,0.9129887623599116,-7.6957648123392755,10.023482516929308,0.7039623856544495,fa51f1910942494cbe396640010fea64,
33,1761.890194327492,2614.331629815377,-0.2912402630926096,1.9401023387908936,4.690911293029785,1.6032116413116455,0.44168541474589157,-0.004316569668711194,-0.01996493995601797,0.8969374352760606,-7.33607554938078,9.056777575073717,0.6899778842926025,fa51f1910942494cbe396640010fea64,
34,1748.5307088786617,2635.9318182386437,0.055770578177795856,1.8317241668701172,4.528408050537109,1.4885345697402954,0.4268151147850594,-0.005210720601541185,-0.01888837516565449,0.9041266147312723,-8.813848220498459,11.166062071212572,0.8405101299285889,26e594c412e84bdda76e344933fe305a,
34,1758.0155729258463,2619.135416050335,-0.2341340641188464,1.9177364110946655,4.698841571807861,1.5758804082870483,0.44245152615266686,-0.004881925386030838,-0.018976014600307057,0.8965783427451224,-7.084738639095234,8.979667682069909,0.6910808682441711,26e594c412e84bdda76e344933fe305a,
34,1740.129662655723,2647.0565335378587,0.22862160417959443,1.719173550605774,4.219435214996338,1.4040169715881348,0.44794652602443713,-0.0047653557360029745,-0.019005623123043942,0.8938456172611982,-6.993885865121914,10.928763653247918,0.6482142210006714,26e594c412e84bdda76e344933fe305a,
35,1744.1666872338371,2641.373783869603,0.08904985391637987,1.8061929941177368,4.487241268157959,1.4451700448989868,0.4566888309809827,-0.006002252449617585,-0.021701589986594917,0.8893415123645181,-8.207659566521421,11.081399263348477,0.8120247721672058,78e778e7e6c84dc59c0436a4d6ff5032,
35,1735.582739381338,2652.9069178899076,0.243505586357636,1.661357045173645,4.1228928565979,1.3489822149276733,0.4244641658844848,-0.00677753960644211,-0.021472098157802974,0.9051647285646814,-6.985753429522069,10.240500655487645,0.7526302933692932,78e778e7e6c84dc59c0436a4d6ff5032,
35,1754.2693492084495,2623.8582640906866,-0.2659488193467742,1.9442956447601318,4.736067295074463,1.603814721107483,0.4363120491179983,-0.006495034866182043,-0.021559233857034364,0.8995136517874748,-7.61551851284596,9.552583757147735,0.7225393652915955,78e778e7e6c84dc59c0436a4d6ff5032,
36,1739.8139779054527,2646.740374778203,0.08715573455051083,1.8181995153427124,4.500677108764648,1.460705041885376,0.43494010271113315,-0.00700956223882389,-0.02345357669399008,0.9001266037792174,-8.359852476055861,10.97048747492311,0.8211718797683716,9966278ad296494598a9e5fba07926e0,
36,1731.2313891893314,2658.4084295477614,0.22128912868151412,1.6830393075942993,4.190114974975586,1.354711651802063,0.4013059846912975,-0.007873345205037532,-0.023177891573720265,0.9156168971946875,-8.239929863076489,10.763527596219259,0.7061401009559631,9966278ad296494598a9e5fba07926e0,
36,1750.385914048435,2628.5774113620346,-0.23084204592220808,1.9445743560791016,4.677841663360596,1.6228623390197754,0.4264918364450526,-0.007228884855128043,-0.02338690758249412,0.9041601126035175,-7.495283737045277,9.425077615464794,0.6640788316726685,9966278ad296494598a9e5fba07926e0,
37,1735.61871597796,2652.089767673494,0.07081525034183316,1.791917085647583,4.471432685852051,1.446738600730896,0.41028252402414567,-0.006091290844087081,-0.01875041180535469,0.9117453420299764,-8.269265866714777,10.33720541061299,0.8176979422569275,225aa2795d63442ebc496cd0c49d3bdb,
37,1726.7167686502578,2664.0815888762327,0.1772722863031482,1.6890034675598145,4.19600772857666,1.375351905822754,0.39285610057100057,-0.006447040811469919,-0.018631087778036067,0.9193886025381923,-8.498785866214586,10.947665270181641,0.6772101521492004,225aa2795d63442ebc496cd0c49d3bdb,
37,1746.3790373260613,2633.643786429774,-0.14504357067633283,1.9112588167190552,4.494141101837158,1.613149881362915,0.44321653583018517,-0.005404350414160321,-0.018959819714823474,0.8961977575288126,-7.858322207109628,9.977993524570289,0.6049348711967468,225aa2795d63442ebc496cd0c49d3bdb,
38,1731.4091700466302,2657.3305373641183,0.08642318533272417,1.7792507410049438,4.420706272125244,1.4509526491165161,0.3973779275899315,-0.008373153992408221,-0.019102438010808544,0.9174179907864212,-8.739193917746586,10.362548509805206,0.8459633588790894,de9432d4fc7a4e5a985e2bc628eb614c,
38,1722.3565629482969,2669.707283091939,0.25065543429269305,1.6578994989395142,4.096299171447754,1.366199016571045,0.3569378145793535,-0.009199316944754602,-0.018718584708447263,0.9338952744700969,-9.726901594363557,11.145199999638875,0.6780713796615601,de9432d4fc7a4e5a985e2bc628eb614c,
38,1742.7332300715464,2638.4925875571985,-0.11612970477371579,1.8921699523925781,4.528454303741455,1.6075966358184814,0.4347187154637576,-0.0075816016161661445,-0.019430186892336155,0.9003247334044552,-7.523078070844039,10.112433560324499,0.6384226679801941,de9432d4fc7a4e5a985e2bc628eb614c,
39,1727.3653130461817,2662.4329416828045,0.07319785156828541,1.762678623199463,4.408896446228027,1.4387471675872803,0.4329717174553502,-0.009020867062075388,-0.021110568580200155,0.9011151201347325,-8.366856483691915,10.857556755424746,0.8226728439331055,63c24b51feb94f14bec29022dae4975d,
39,1738.9488120728001,2643.200415320041,-0.1562991695189033,1.9262677431106567,4.6659836769104,1.620947241783142,0.42347083014467046,-0.009242386015990343,-0.021014529475160675,0.9056188071524643,-7.948711714047722,9.805539733443194,0.7142428159713745,63c24b51feb94f14bec29022dae4975d,
39,1718.2119738073134,2675.055029725047,0.2409220696648312,1.7136281728744507,4.211186408996582,1.4033385515213013,0.39765236904648393,-0.009833844051211077,-0.020744340421122845,0.9172489090990448,-10.15378236247905,12.779309489341736,0.5713375806808472,63c24b51feb94f14bec29022dae4975d,
