
### Final results ###

Per-class results:
		AMOTA	AMOTP	RECALL	MOTAR	GT	MOTA	MOTP	MT	ML	FAF	TP	FP	FN	IDS	FRAG	TID	LGD
bicycle 	0.268	1.535	0.388	0.875	1993	0.317	0.431	22	78	6.6	721	90	1220	52	56	1.97	2.53
bus     	0.466	1.307	0.577	0.943	2112	0.517	0.602	36	33	4.3	1158	66	894	60	62	1.52	2.32
car     	0.478	1.183	0.580	0.950	58317	0.512	0.377	1225	1331	27.6	31418	1584	24491	2408	1399	1.27	2.02
motorcy 	0.333	1.456	0.445	0.945	1977	0.383	0.447	24	49	3.4	801	44	1098	78	67	2.34	2.96
pedestr 	0.219	1.485	0.278	0.727	25423	0.180	0.612	102	1087	40.3	6284	1715	18359	780	436	3.22	4.00
trailer 	0.067	1.848	0.214	0.604	2425	0.117	0.740	10	92	18.4	470	186	1907	48	50	3.36	4.93
truck   	0.251	1.516	0.405	0.761	9650	0.287	0.522	98	256	23.7	3643	871	5737	270	285	1.99	3.20

Aggregated results:
AMOTA	0.297
AMOTP	1.476
RECALL	0.412
MOTAR	0.829
GT	14556
MOTA	0.330
MOTP	0.533
MT	1517
ML	2926
FAF	17.7
TP	44495
FP	4556
FN	53706
IDS	3696
FRAG	2355
TID	2.24
LGD	3.14
Eval time: 1313.4s

