
### Final results ###

Per-class results:
		AMOTA	AMOTP	RECALL	MOTAR	GT	MOTA	MOTP	MT	ML	FAF	TP	FP	FN	IDS	FRAG	TID	LGD
bicycle 	0.270	1.533	0.386	0.873	1993	0.315	0.430	21	78	6.6	719	91	1223	51	55	2.00	2.58
bus     	0.468	1.309	0.571	0.940	2112	0.510	0.600	35	33	4.5	1147	69	906	59	62	1.43	2.39
car     	0.401	1.319	0.564	0.936	58317	0.440	0.405	1142	1361	30.7	27429	1759	25435	5453	1530	1.34	2.14
motorcy 	0.330	1.460	0.438	0.941	1977	0.380	0.475	24	50	3.6	799	47	1111	67	67	2.44	3.07
pedestr 	0.188	1.529	0.257	0.715	25423	0.159	0.633	95	1118	37.8	5643	1609	18879	901	472	3.40	4.15
trailer 	0.067	1.847	0.218	0.597	2425	0.117	0.733	10	91	18.9	474	191	1896	55	50	3.36	4.91
truck   	0.233	1.552	0.388	0.745	9650	0.266	0.516	89	270	23.8	3440	876	5902	308	268	2.20	3.41

Aggregated results:
AMOTA	0.279
AMOTP	1.507
RECALL	0.403
MOTAR	0.821
GT	14556
MOTA	0.312
MOTP	0.542
MT	1416
ML	3001
FAF	18.0
TP	39651
FP	4642
FN	55352
IDS	6894
FRAG	2504
TID	2.31
LGD	3.24
Eval time: 1156.8s

