
### Final results ###

Per-class results:
		AMOTA	AMOTP	RECALL	MOTAR	GT	MOTA	MOTP	MT	ML	FAF	TP	FP	FN	IDS	FRAG	TID	LGD
bicycle 	0.025	1.611	0.155	0.444	58	0.069	0.622	0	7	13.2	9	5	49	0	3	0.00	1.50
bus     	0.458	1.344	0.651	0.679	86	0.419	0.881	2	1	26.2	53	17	30	3	5	1.25	1.88
car     	0.476	1.052	0.641	0.778	2729	0.459	0.389	58	34	220.4	1610	357	981	138	78	1.61	2.08
motorcy 	0.386	1.404	0.492	0.887	238	0.429	0.598	2	4	20.6	115	13	121	2	2	4.69	4.75
pedestr 	0.301	1.436	0.451	0.757	1470	0.273	0.830	6	33	99.2	530	129	807	133	33	3.37	3.78
trailer 	0.443	1.814	0.732	0.633	41	0.463	1.735	0	0	26.8	30	11	11	0	2	2.00	3.00
truck   	0.179	1.402	0.469	0.623	177	0.271	0.419	2	5	24.2	77	29	94	6	4	1.67	2.58

Aggregated results:
AMOTA	0.324
AMOTP	1.438
RECALL	0.513
MOTAR	0.686
GT	685
MOTA	0.340
MOTP	0.782
MT	70
ML	84
FAF	61.5
TP	2424
FP	561
FN	2093
IDS	282
FRAG	127
TID	2.08
LGD	2.79
Eval time: 31.6s

