0,1866.6706927428868,2480.999387212285,0.18578477225322207,0.6215099692344666,0.5878673195838928,1.6717782020568848,0.9226837140851525,-0.01089653044798913,-0.007791874401711739,0.38532494868556383,0.02067436264428903,-0.014541972933661365,0.8154827952384949,c1676a2feac74eee8aa38ca3901787d6,
0,1869.968033690172,2475.2303085533517,0.5342800049981339,0.6602320671081543,0.616866946220398,1.6602237224578857,0.8224144829141763,-0.012278369245252982,-0.0053562422623729955,0.5687310178023633,-7.373992342868373e-05,-7.45575613705737e-06,0.7568339109420776,c1676a2feac74eee8aa38ca3901787d6,
0,1860.910234670913,2488.166127225873,-0.1653824217280707,0.6353943943977356,0.5952768921852112,1.6787981986999512,0.9792460322137287,-0.009209996491338595,-0.009727468690545124,0.20223194780047266,0.0014388889878597837,-0.002365067152069472,0.7455822229385376,c1676a2feac74eee8aa38ca3901787d6,
0,1858.330636178309,2491.6563473919987,-0.27180482897505914,0.6303265690803528,0.5965929627418518,1.731349229812622,0.9735853953652661,-0.009462776703589403,-0.0094817477056717,0.22792988011439508,0.0009715458273446142,0.0003836966946027656,0.701812207698822,c1676a2feac74eee8aa38ca3901787d6,
0,1861.469925753962,2488.0964806184707,-0.15692327654184823,0.5970124006271362,0.5835344195365906,1.6621490716934204,0.994183588053751,-0.008229071585045857,-0.010570244242409715,0.10686227380171875,0.006068903943963604,-0.00014122473052253145,0.643829882144928,c1676a2feac74eee8aa38ca3901787d6,
0,1857.8243981513233,2491.895624932983,-0.22462550735250744,0.6547859311103821,0.6297321915626526,1.7255343198776245,0.9546297359407576,-0.010121431091787987,-0.008775210262449118,0.29749389838311563,-0.002260813835691589,0.009092523655006495,0.5792648792266846,c1676a2feac74eee8aa38ca3901787d6,
1,1859.9389535362072,2489.2914952958176,0.0854244274862468,0.749420702457428,0.9592004418373108,1.8546807765960693,0.39467481428963824,-0.01689641047015685,0.005631591732903935,0.9186482392369876,-0.7413186627227897,0.7610255332190582,0.863267183303833,d6b0de49811b4d1b86a0933719c0c44a,
1,1856.164158436955,2493.3888661446467,-0.05619258558981697,0.7214528918266296,0.886546790599823,1.8448911905288696,0.4782134500024055,-0.01734606975519937,0.004039477227302522,0.8780630345963636,-0.976009571248888,1.2990643135775914,0.7614408731460571,d6b0de49811b4d1b86a0933719c0c44a,
1,1869.7097304731965,2475.4873472928807,0.9101145485841526,0.653856098651886,0.6158510446548462,1.6995811462402344,0.6345711982474321,-0.01779601892974602,0.0007107900352842271,0.7726591686135591,-0.011407520735638964,0.004489163688865211,0.6391234397888184,d6b0de49811b4d1b86a0933719c0c44a,
1,1865.8313871612838,2481.5104631881522,0.5027781379416089,0.7001135945320129,0.8456777334213257,1.768157720565796,0.36601556239591476,-0.016713766857288023,0.006152520594224649,0.9304382862779133,-0.9143082054595574,0.7774834790119157,0.553897500038147,d6b0de49811b4d1b86a0933719c0c44a,
1,1859.4607317114214,2488.9672361395546,0.17696800670140114,0.7192285060882568,0.8606018424034119,1.8168811798095703,0.3432918942465779,-0.01655928376347342,0.006556953062429492,0.9390598872448841,-0.9970152292749489,0.6456732069527735,0.5236787796020508,d6b0de49811b4d1b86a0933719c0c44a,
2,1859.2236417517222,2490.0113018572065,0.2725243303859414,0.7547841668128967,0.9094029664993286,1.8030521869659424,-0.8632390910691222,0.0012688945775238586,0.018522036844837556,0.5044537597320743,0.20350237424781986,-0.6171548131885305,0.801184892654419,6d5d0e60cbf4429d8b6cfa055924e5ca,
2,1855.1782537026877,2494.477312669184,0.07810750546835339,0.7206552624702454,0.8928444385528564,1.7786781787872314,0.4398374833292792,-0.018379248634333673,0.002622815656452636,0.8978854672597367,-1.0333143100295252,1.3266995754577824,0.7638830542564392,6d5d0e60cbf4429d8b6cfa055924e5ca,
2,1865.5890700448913,2481.6965994306915,0.6849786880361937,0.7244470119476318,0.8668200969696045,1.7662838697433472,0.3686197431170239,-0.018119359181740697,0.004045338697001592,0.9293948617471527,-0.9438008482494178,0.8198148225814991,0.7141022682189941,6d5d0e60cbf4429d8b6cfa055924e5ca,
2,1858.93852665095,2489.6229058665963,0.3196296361341944,0.7437993288040161,0.882803738117218,1.833446741104126,-0.4875097826281275,-0.0083121313885649,0.016600735348460426,0.8729201199992732,-0.23946968867809218,-0.24281893874029947,0.5821455717086792,6d5d0e60cbf4429d8b6cfa055924e5ca,
2,1869.1813071176168,2476.2074729666365,1.124883298579624,0.6910320520401001,0.785006046295166,1.732138991355896,0.49148698745215774,-0.018500988068878503,0.001545762855552097,0.8706870076111576,-0.7087466300260461,0.827338686806174,0.5694974660873413,6d5d0e60cbf4429d8b6cfa055924e5ca,
2,1865.5816553515212,2482.285097378387,0.6638377772316357,0.7293781638145447,0.9049742817878723,1.7898998260498047,0.4223762126561194,-0.01832504013314841,0.0029780608537921856,0.9062304668460128,-0.8781010396748393,0.9979080003643579,0.5096321105957031,6d5d0e60cbf4429d8b6cfa055924e5ca,
3,1854.7486105554608,2495.5066922375163,0.3139007083050281,0.7612447142601013,0.9615373015403748,1.8306654691696167,0.45416806638580315,-0.01496390888185225,0.007883521010880407,0.8907554653230185,-1.1433835621299815,1.4452217835362549,0.7588738203048706,a51146d2b181450292623ec03ade9f03,
3,1858.379415767163,2490.1186609883457,0.5980817744839442,0.718956470489502,0.9025202989578247,1.823311448097229,0.33651149591017326,-0.013832720409831287,0.009732641913520008,0.9415274529442803,-1.2965421642410155,0.9762547048716043,0.6498426198959351,a51146d2b181450292623ec03ade9f03,
3,1858.6134713223805,2489.678280353866,0.6373396874352489,0.6967465281486511,0.8654736280441284,1.7509223222732544,0.31705189024087627,-0.013629369417471456,0.01001542619340102,0.948257365076662,-1.168841003826884,0.7468846894654803,0.6354536414146423,a51146d2b181450292623ec03ade9f03,
3,1858.6855682582507,2490.5070783303663,0.5411512901529733,0.7317360043525696,0.8977185487747192,1.822869896888733,0.353812921916722,-0.014009806689266326,0.00947595847831542,0.9351632733443921,-1.1484821073510325,0.9870028451322805,0.5862173438072205,a51146d2b181450292623ec03ade9f03,
3,1858.2568882430498,2491.13269486537,0.5328573798866518,0.7313697934150696,0.8594523668289185,1.8475778102874756,0.40255985882782996,-0.014489297257999202,0.008725178366240214,0.9152373963010713,-0.8030239206134718,0.8211166185382818,0.5599348545074463,a51146d2b181450292623ec03ade9f03,
4,1858.0460014269004,2490.2718270407,0.785798197005684,0.69882732629776,0.8375520706176758,1.7587016820907593,0.30460083223726797,-0.014471530308327787,0.009476040888602046,0.9523230084692779,-1.162928769276767,0.7594588410087937,0.8015264868736267,092051710b7b4d9294e98dcb3f0f7be1,
4,1864.4796811734677,2482.9796816262296,1.0484718877137262,0.7182493209838867,0.9048894047737122,1.7884471416473389,0.3925304251198899,-0.01529609275846706,0.00807775257801817,0.9195763398515705,-1.024940355863874,1.000227401529801,0.7822881937026978,092051710b7b4d9294e98dcb3f0f7be1,
4,1857.7465962064523,2489.815692176537,0.8500205231623168,0.6930844187736511,0.8151512145996094,1.774189829826355,0.29471389554663485,-0.014372536319544589,0.009625525446991415,0.9554289608502244,-1.1330382818372866,0.5416397245152624,0.644996702671051,092051710b7b4d9294e98dcb3f0f7be1,
4,1853.739453297585,2495.6523563501837,0.552666743609309,0.7420012354850769,0.920026421546936,1.857819676399231,0.38663970852466933,-0.015244105025781829,0.008175438969880504,0.922068606586067,-1.2502691661256558,1.1413566931277783,0.6040706038475037,092051710b7b4d9294e98dcb3f0f7be1,
4,1854.0171578862162,2496.0212006758684,0.5472225710763673,0.7399278879165649,0.9163268208503723,1.8617140054702759,0.43850817550522175,-0.015684827024058236,0.007294295141593877,0.8985607155193768,-1.091537677149935,1.2494264202244303,0.5730579495429993,092051710b7b4d9294e98dcb3f0f7be1,
4,1853.9440521900676,2495.243526745859,0.5635033476320059,0.7044864296913147,0.8581668734550476,1.7995891571044922,0.3788834466527407,-0.015174918242166154,0.00830315582961566,0.9252827207465577,-1.1135122418012031,1.0224673059491445,0.5682926774024963,092051710b7b4d9294e98dcb3f0f7be1,
4,1858.2859666939946,2491.0268738413415,0.7128752053436712,0.6908922791481018,0.826295793056488,1.7677091360092163,0.36347149613373964,-0.015034994440940455,0.008553916211198076,0.9314447117021565,-1.0024303885134522,0.9558724344752672,0.5568726658821106,092051710b7b4d9294e98dcb3f0f7be1,
4,1867.8165160151773,2477.463941718378,1.3181547237467426,0.7088605165481567,0.8658551573753357,1.823874831199646,0.32844594503498475,-0.01470518395784306,0.009109231864065311,0.9443643579941421,-1.134775526118407,0.8294163803878107,0.5540135502815247,092051710b7b4d9294e98dcb3f0f7be1,
4,1854.5210541802019,2495.5759516917688,0.5539265837181901,0.7104280591011047,0.875572144985199,1.8009042739868164,0.43567536635500814,-0.015661770812275513,0.007343669070094488,0.8999376392901022,-1.0159305261332496,1.045706085146908,0.5488280057907104,092051710b7b4d9294e98dcb3f0f7be1,
5,1857.624882737662,2490.7976830128077,0.9729653290733653,0.7210245728492737,0.8717554211616516,1.7987232208251953,0.3276365443144768,-0.015087030461022841,0.009388149243644499,0.9446367232938357,-1.0636697885593702,0.8872014533710344,0.743508517742157,feaef544d11646ed806b53d9e1f39cd9,
5,1863.85731186631,2483.562499457865,1.2986017083077661,0.7195581197738647,0.8719332814216614,1.79172682762146,0.3663869415040754,-0.015462043413001373,0.008756771542482692,0.9302928857413327,-0.9980549313748849,0.9430209443472165,0.6517726182937622,feaef544d11646ed806b53d9e1f39cd9,
5,1857.2796593540425,2490.3563136090215,1.0140094706163536,0.7028310894966125,0.8263207674026489,1.794517993927002,0.3144639577229322,-0.014954971629693494,0.009597117166516024,0.9491030836842103,-1.094230870062886,0.8002907039576403,0.648279070854187,feaef544d11646ed806b53d9e1f39cd9,
5,1867.4076895652245,2478.219329556519,1.477987884146808,0.7103459239006042,0.8581146001815796,1.8134957551956177,0.3837747591223258,-0.015623599383552607,0.008465162529746755,0.923255749197506,-0.9934222308466907,0.9614994813295653,0.6247856020927429,feaef544d11646ed806b53d9e1f39cd9,
5,1857.3755046936826,2491.2272256021056,0.9468456378792407,0.7049375772476196,0.8619444966316223,1.8180936574935913,0.3344915936425111,-0.01515484617261785,0.009278279573124748,0.9422311913475059,-1.1095893539171167,0.9616635459563978,0.5812057852745056,feaef544d11646ed806b53d9e1f39cd9,
6,1857.358310383867,2491.360380145103,1.0254808953135381,0.7096022367477417,0.8628227710723877,1.8134088516235352,0.393940742015124,-0.01521486417874489,0.0038006608284774047,0.9190020427974371,-0.8985341392617091,1.0106405032974615,0.7890489101409912,dca2cc206bb34bc197ae8ebdaed22f35,
6,1857.8348979956043,2491.771264014404,1.0041707801871014,0.6994060277938843,0.839865505695343,1.793277621269226,0.4277790022603112,-0.015345445986094027,0.0032333268004715626,0.903747303238279,-0.7212651838906275,1.0260032654407611,0.6948809027671814,dca2cc206bb34bc197ae8ebdaed22f35,
6,1863.4597288330242,2484.165009101596,1.285165037241707,0.7210253477096558,0.9127528667449951,1.871498465538025,0.3400565194260424,-0.014969216015865854,0.004675434373523191,0.9402742294039196,-1.1901538251270902,1.0522842884667616,0.6699507236480713,dca2cc206bb34bc197ae8ebdaed22f35,
6,1872.6086356670667,2517.7080763065105,0.13614635236250797,0.6219061613082886,0.6324126124382019,1.6512812376022339,0.1811396665720232,-0.013998993056614647,0.0070686142992549775,0.9833323365370761,-0.15760973701433004,0.220098047440707,0.5276193022727966,dca2cc206bb34bc197ae8ebdaed22f35,
7,1856.4258553420989,2492.3540780639696,1.2045726845763434,0.702062726020813,0.9168352484703064,1.8356590270996094,0.3863319734883194,-0.017454237756763052,0.005759217628362669,0.9221766572936337,-0.9776387533067008,0.9587119403195494,0.6692902445793152,fe42b85d7f7a4107b650ffa993a4fbff,
7,1866.4362937795677,2479.5389558687375,1.9378325774605853,0.6914612054824829,0.7946618795394897,1.8181102275848389,0.3725899661683731,-0.017366755766742178,0.006017873170712689,0.927814042848722,-0.9364964251521081,0.8818507277590765,0.6389577388763428,fe42b85d7f7a4107b650ffa993a4fbff,
7,1856.1345415983271,2491.9439474433984,1.2284034718402461,0.7018853425979614,0.9043809175491333,1.8593744039535522,0.3457743770938701,-0.017186653910441017,0.006514440169590832,0.9381376557531338,-1.1633704236430624,0.8356966145907562,0.5907101035118103,fe42b85d7f7a4107b650ffa993a4fbff,
8,1855.890224299753,2492.396519612732,1.1902377352117732,0.6949385404586792,0.8335346579551697,1.8644635677337646,0.2866207973274252,-0.018446153841147568,-0.0007958627938434073,0.957866183007978,-1.3681713425956885,0.7961546318227173,0.6612460017204285,fe2a163b8948451b95fa48e21e1988ce,
8,1852.1131369965049,2497.604668949128,1.0310589513817991,0.7235830426216125,0.8827601671218872,1.8049890995025635,0.40825274436109577,-0.018187756101126152,-0.0031779737449915807,0.9126822024848058,-0.9546738863496084,1.1455450631617898,0.6344559192657471,fe2a163b8948451b95fa48e21e1988ce,
8,1814.0343081703586,2541.80645800738,-0.3633307973572814,0.7332189083099365,0.7647607922554016,1.8578674793243408,0.28043884599313984,-0.018450901863790392,-0.0006769117598945888,0.9596943053227512,-0.5648327679874506,0.39762925496202817,0.6335927248001099,fe2a163b8948451b95fa48e21e1988ce,
8,1856.2849058801962,2492.7654025325505,1.1664524946630066,0.7056401371955872,0.8531548976898193,1.8429747819900513,0.3050543628289635,-0.018427357702229506,-0.0011517279331466459,0.9521559440185715,-1.2943046038393735,0.8698719481719356,0.632232129573822,fe2a163b8948451b95fa48e21e1988ce,
8,1825.0596820173532,2533.285789500121,-0.2877703785006386,0.6815530061721802,0.6598497033119202,1.663165807723999,0.964890096474871,-0.009058051120520917,-0.016088682326901017,0.26200421320199424,7.640430033705856e-07,-5.458124109406195e-06,0.502826452255249,fe2a163b8948451b95fa48e21e1988ce,
9,1851.8429961690042,2498.175412011461,1.1747500619761329,0.7124149203300476,0.8702377080917358,1.819804072380066,0.3442233805797798,-0.018366535811202817,-0.002087955400662116,0.9387057979296648,-1.1303150092600946,0.904840053434907,0.6138237714767456,3a7aa284dd9d485d8effc20db8cda140,
9,1852.2483156853382,2498.5403408306056,1.1745475479697427,0.7148867249488831,0.9054091572761536,1.8181010484695435,0.3630855212690151,-0.018320689383909985,-0.002457953611774973,0.931572442190809,-1.0215056746033084,0.9280668922995348,0.5381700992584229,3a7aa284dd9d485d8effc20db8cda140,
9,1813.1306507044515,2542.4631262631415,-0.16572734230771288,0.6886284351348877,0.743179440498352,1.7988336086273193,0.2576185547756349,-0.018480230709154798,-0.00041263591186608455,0.9660698686119207,-1.1982879266773911,0.6074351767391811,0.5066239237785339,3a7aa284dd9d485d8effc20db8cda140,
10,1812.0734824963051,2543.112011049968,-0.05089200909505458,0.7274273037910461,0.8365665674209595,1.8873519897460938,0.31535278482255896,-0.017179076978215194,-0.012622045505619715,0.9487350443543695,-1.2212322268106737,0.8717871700237928,0.6021174192428589,f218a2b4fa6941f7ac3798adc72126e8,
10,1812.4688411752036,2542.90128942095,-0.014588255175353967,0.7166573405265808,0.8565011024475098,1.8564344644546509,0.33277492894671395,-0.0169436649643441,-0.012936341683236279,0.9427652995024477,-1.2635022222527428,0.9648307243669623,0.5760979056358337,f218a2b4fa6941f7ac3798adc72126e8,
12,1807.919115463823,2533.5627053736594,1.0300580061223283,0.6431116461753845,0.6334248185157776,1.707736849784851,0.9995122938286917,-0.018653292173105806,0.007035675866429351,-0.0240359822248693,7.348057010617964e-07,-5.4593408486317895e-06,0.5173162221908569,7fd597745c26471ab336b3dd41a5f6dc,
12,1825.0396999807433,2533.120687856816,0.40344754982673287,0.6396974325180054,0.6253114938735962,1.5959908962249756,0.909738616979199,-0.013710726288635356,0.014472803060597145,0.4147025472950237,7.348057010617964e-07,-5.4593408486317895e-06,0.5002696514129639,7fd597745c26471ab336b3dd41a5f6dc,
12,1807.3031465636177,2533.1074910374987,1.009443774576693,0.6405055522918701,0.6196466088294983,1.724446177482605,0.9783227338979886,-0.016539238039397674,0.01113102191484896,0.20612419143461214,7.348057010617964e-07,-5.4593408486317895e-06,0.5002329349517822,7fd597745c26471ab336b3dd41a5f6dc,
13,1792.1425185945322,2566.400726290065,-0.400173517633014,0.6993193626403809,0.735086977481842,1.8177000284194946,0.33139529260115463,-0.005039955578321995,0.014419254644245247,0.9433683501077764,-0.3533321335273119,0.28699852513090707,0.511438250541687,19f02e3faab4412988f28d419e1727fa,
15,1793.8689455185645,2565.9321059050603,-0.05905433082921043,0.6835575699806213,0.7991382479667664,1.734944462776184,0.9557751590216422,-0.004459439651964208,-0.008389762855136975,-0.29394484291169254,1.1470606139206403,-0.8148961239321336,0.5863262414932251,4aaaf68b9f9f45968a4e862eb03e17ea,
15,1827.1399526461114,2568.082817630922,0.018463447484067756,0.6662096977233887,0.7616652250289917,1.7668426036834717,-0.9032093448582972,0.0031990706317318535,0.008946545135868792,0.4290950997597978,0.8467122208261713,-1.1527735828620427,0.500680685043335,4aaaf68b9f9f45968a4e862eb03e17ea,
16,1793.821649021966,2565.462254727953,0.03898688246019186,0.67777019739151,0.7553074955940247,1.7563873529434204,0.9512749040149334,0.005103406967283842,-0.014226764278915406,-0.30797339399184737,0.9936369955729428,-0.8130499057740849,0.7626750469207764,639a4120779f44bb9cf41be3e8612e36,
16,1793.4683869584974,2565.6993285756453,0.04352101379210196,0.6740511059761047,0.7300899624824524,1.7787742614746094,0.9366343059138043,0.005731180096058211,-0.013985676931349831,-0.34998247299092666,1.0675657731155095,-0.9001440737329861,0.6470526456832886,639a4120779f44bb9cf41be3e8612e36,
17,1794.609298709642,2565.2916708027315,0.006055239453891768,0.6801226139068604,0.7864573001861572,1.7664655447006226,0.9409099382050252,0.00904051928575206,-0.01905226740927559,-0.33799965725518843,0.8681074857065441,-0.6792834055992428,0.8060914278030396,b2f333255d574bebb6f170beaab6a824,
17,1793.8141789054073,2565.391392646298,0.07862177349441483,0.6572713255882263,0.7139610648155212,1.7405909299850464,0.915549122997021,0.010324261501631933,-0.018388298095161515,-0.4016529391116108,0.7025306871298899,-0.7907682771900242,0.5406149625778198,b2f333255d574bebb6f170beaab6a824,
18,1794.557096393962,2564.3703140286507,0.18523109179272595,0.6921268105506897,0.8592824935913086,1.7803701162338257,0.9211031255648059,0.010113606679292193,-0.014170019498379668,-0.3889292449560683,0.9966239337964801,-1.102215463702276,0.7665835022926331,0106a9b8e65f4ad1867b44591aeed8b0,
19,1794.7227304384885,2564.4448187718435,0.19961443927242256,0.6708178520202637,0.8120546340942383,1.707483172416687,0.9212556763655978,0.011512178926714108,-0.012342136006780148,-0.38859119930759417,0.7755105354333776,-0.9317092512829932,0.5731756687164307,4786b3c0d0a24c8b86b0676d32dd5919,
19,1794.6760508979244,2565.5138460811268,0.1562693971547041,0.6431652903556824,0.7127522230148315,1.7151148319244385,0.9726280603577565,0.009325109297030055,-0.014067726235926795,-0.23175374348617941,0.6254416321906023,-0.3174633184475028,0.5576897859573364,4786b3c0d0a24c8b86b0676d32dd5919,
20,1795.4277947379992,2563.4888512222246,0.24239427849660494,0.7292443513870239,0.8849251866340637,1.8131762742996216,-0.8973560929046351,-0.020569777847352668,0.012308398210263492,0.4406556820236586,0.8252336213053639,-0.9735866535885286,0.5781059265136719,4ee219c4638949de9d994bc792fd0a69,
22,1796.4233486526637,2562.3890054397248,0.41421968318502494,0.7666147947311401,0.9433792233467102,1.860504150390625,0.9123426677679549,0.019704033878382453,-0.016370876300464576,-0.4086252586761198,0.8589720772131045,-1.0183542941247143,0.659410297870636,61d47d1198184bfdaa6777e9448d825d,
23,1796.2553346940629,2561.7097874308374,0.17823242326747632,0.7223091125488281,0.8471865653991699,1.8663274049758911,-0.8996490993645108,-0.024232236952798615,0.008848501307431504,0.43585089277125544,0.7407439703941161,-0.9469658873024639,0.663699746131897,f1fd429830e3437db4ba03ba851f0015,
23,1796.6923560446894,2562.0396586189468,0.14057802212473716,0.7163221836090088,0.8491043448448181,1.8709797859191895,0.9306719370413903,0.023475055573016525,-0.010696684017394436,-0.36494417151189334,0.99603958307499,-0.8632491940462229,0.5265263319015503,f1fd429830e3437db4ba03ba851f0015,
24,1796.7322098161176,2561.3456480695686,0.31293718526335285,0.7182447910308838,0.8302004337310791,1.8374892473220825,-0.8909265589225162,-0.016276238303954436,0.007429664559132854,0.45379483333076415,0.6855894371065757,-1.0338324189646282,0.5956975221633911,7df1288fed8a403b8e7a35112b392d7c,
26,1758.6766978158028,2645.1124700169084,0.45087377984112625,0.6267567873001099,0.6784228086471558,1.7113797664642334,-0.7055961638772213,-0.018987981287675686,-0.0038486897401225043,0.7083492766112298,-0.05054483507842915,-0.16063955797223964,0.5322279930114746,bc0040070bcc4233a057bb293f5f6444,
30,1759.3579889995099,2643.6154733719204,0.44641303093943824,0.6555100083351135,0.7669838666915894,1.7721081972122192,-0.864442242230258,-0.022497506535040394,0.0017181191502575635,0.5022255669658957,0.5299566748525559,-1.1504210048946522,0.588162899017334,3e7ed5cf0b4541e4a0e1b109dfea89cf,
30,1759.262396601297,2644.0406108448547,0.4056731068235932,0.6502309441566467,0.764107882976532,1.7383915185928345,-0.8541143638757318,-0.022527638032663815,0.0012630353826975,0.5195955770476164,0.5402047617087663,-1.063651994064437,0.5455349683761597,3e7ed5cf0b4541e4a0e1b109dfea89cf,
30,1759.5233488020508,2644.5091314988763,0.47226316075698255,0.6268238425254822,0.707979142665863,1.753400444984436,-0.8949067509840491,-0.022340757182137294,0.003159161635220311,0.44568241754579513,0.6340811641741072,-0.9931178799806455,0.5008000731468201,3e7ed5cf0b4541e4a0e1b109dfea89cf,
32,1760.154043319625,2644.0219992826633,0.48116916011989685,0.6177108287811279,0.7029569149017334,1.748939871788025,-0.8620412744073097,-0.021550033309564603,0.004097104580677262,0.5063631611962238,0.6218425976307234,-0.9028458503713881,0.5041767954826355,b422bd971acf483592e367c2c5057a60,
