
### Final results ###

Per-class results:
		AMOTA	AMOTP	RECALL	MOTAR	GT	MOTA	MOTP	MT	ML	FAF	TP	FP	FN	IDS	FRAG	TID	LGD
bicycle 	0.231	1.479	0.418	0.672	1993	0.277	0.467	27	73	18.8	823	270	1160	10	3	2.12	2.56
bus     	0.574	1.138	0.616	0.817	2112	0.500	0.699	44	39	14.8	1292	236	812	8	24	1.63	2.22
car     	0.452	1.054	0.666	0.700	58317	0.426	0.410	1518	974	184.6	35450	10628	19457	3410	1538	1.04	1.64
motorcy 	0.324	1.386	0.456	0.752	1977	0.336	0.522	30	57	16.5	883	219	1075	19	13	2.52	2.96
pedestr 	0.178	1.664	0.439	0.505	25423	0.173	0.786	270	784	100.7	8730	4320	14252	2441	475	1.96	2.89
trailer 	0.113	1.553	0.218	0.608	2425	0.132	0.917	20	105	20.9	528	207	1896	1	8	1.62	2.02
truck   	0.197	1.395	0.508	0.507	9650	0.239	0.582	140	195	58.9	4552	2245	4743	355	250	1.61	2.68

Aggregated results:
AMOTA	0.295
AMOTP	1.381
RECALL	0.475
MOTAR	0.652
GT	14556
MOTA	0.298
MOTP	0.626
MT	2049
ML	2227
FAF	59.3
TP	52258
FP	18125
FN	43395
IDS	6244
FRAG	2311
TID	1.78
LGD	2.42
Eval time: 1505.6s

