
### Final results ###

Per-class results:
		AMOTA	AMOTP	RECALL	MOTAR	GT	MOTA	MOTP	MT	ML	FAF	TP	FP	FN	IDS	FRAG	TID	LGD
bicycle 	0.000	1.967	0.155	0.000	58	0.000	0.678	0	6	30.0	7	12	49	2	3	0.00	3.25
bus     	0.000	1.920	0.314	0.000	86	0.000	0.928	0	3	46.9	12	30	59	15	2	2.88	4.88
car     	0.149	1.465	0.491	0.335	2729	0.125	0.527	13	47	417.9	1018	677	1388	323	107	2.45	3.19
motorcy 	0.175	1.763	0.239	1.000	238	0.235	0.647	0	5	0.0	56	0	181	1	1	5.19	5.81
pedestr 	0.391	1.409	0.573	0.692	1470	0.339	0.886	17	15	170.8	721	222	627	122	46	1.11	2.53
trailer 	1.000	0.724	1.000	1.000	41	1.000	0.724	1	0	0.0	41	0	0	0	0	0.00	0.00
truck   	0.281	1.175	0.277	0.870	177	0.226	0.397	0	6	5.1	46	6	128	3	1	2.90	4.50

Aggregated results:
AMOTA	0.285
AMOTP	1.489
RECALL	0.436
MOTAR	0.557
GT	685
MOTA	0.275
MOTP	0.684
MT	31
ML	82
FAF	95.8
TP	1901
FP	947
FN	2432
IDS	466
FRAG	160
TID	2.07
LGD	3.45
Eval time: 23.3s

