
### Final results ###

Per-class results:
		AMOTA	AMOTP	RECALL	MOTAR	GT	MOTA	MOTP	MT	ML	FAF	TP	FP	FN	IDS	FRAG	TID	LGD
bicycle 	0.278	1.514	0.400	0.871	1993	0.309	0.436	25	76	6.6	707	91	1196	90	58	1.87	2.43
bus     	0.480	1.299	0.564	0.941	2112	0.509	0.601	34	35	4.3	1143	67	921	48	59	1.56	2.46
car     	0.487	1.165	0.566	0.950	58317	0.512	0.374	1186	1365	27.5	31446	1578	25297	1574	1379	1.36	2.09
motorcy 	0.317	1.475	0.436	0.944	1977	0.360	0.446	23	52	3.2	754	42	1116	107	63	2.38	2.98
pedestr 	0.251	1.521	0.370	0.717	25423	0.235	0.632	226	956	55.1	8344	2365	16013	1066	444	1.93	3.28
trailer 	0.094	1.830	0.208	0.659	2425	0.128	0.699	10	92	16.0	472	161	1920	33	37	2.96	4.85
truck   	0.252	1.504	0.404	0.766	9650	0.289	0.522	98	256	23.2	3647	855	5751	252	270	1.94	3.15

Aggregated results:
AMOTA	0.308
AMOTP	1.473
RECALL	0.421
MOTAR	0.835
GT	14556
MOTA	0.335
MOTP	0.530
MT	1602
ML	2832
FAF	19.4
TP	46513
FP	5159
FN	52214
IDS	3170
FRAG	2310
TID	2.00
LGD	3.04
Eval time: 1259.9s

