
### Final results ###

Per-class results:
		AMOTA	AMOTP	RECALL	MOTAR	GT	MOTA	MOTP	MT	ML	FAF	TP	FP	FN	IDS	FRAG	TID	LGD
bicycle 	0.294	1.399	0.486	0.656	1993	0.299	0.480	43	60	21.8	908	312	1024	61	50	1.48	2.11
bus     	0.576	1.094	0.646	0.902	2112	0.573	0.628	48	30	8.4	1343	132	747	22	31	0.64	1.84
car     	0.511	1.081	0.629	0.898	58317	0.510	0.355	1486	1237	58.6	33078	3362	21628	3611	687	1.08	1.77
motorcy 	0.410	1.265	0.477	0.881	1977	0.403	0.461	32	50	8.2	904	108	1034	39	29	1.82	2.57
pedestr 	0.196	1.676	0.309	0.838	25423	0.216	0.593	135	1015	24.9	6545	1061	17575	1303	633	2.30	3.61
trailer 	0.015	1.548	0.130	0.274	2425	0.035	1.112	4	117	22.9	314	228	2110	1	17	2.22	4.83
truck   	0.284	1.407	0.494	0.713	9650	0.322	0.540	146	205	33.4	4358	1249	4879	413	279	1.71	2.74

Aggregated results:
AMOTA	0.327
AMOTP	1.353
RECALL	0.453
MOTAR	0.737
GT	14556
MOTA	0.337
MOTP	0.595
MT	1894
ML	2714
FAF	25.5
TP	47450
FP	6452
FN	48997
IDS	5450
FRAG	1726
TID	1.61
LGD	2.78
Eval time: 1367.8s

