
### Final results ###

Per-class results:
		AMOTA	AMOTP	RECALL	MOTAR	GT	MOTA	MOTP	MT	ML	FAF	TP	FP	FN	IDS	FRAG	TID	LGD
bicycle 	0.273	1.451	0.433	0.694	1993	0.295	0.492	30	69	18.0	847	259	1131	15	7	2.08	2.48
bus     	0.638	1.059	0.689	0.858	2112	0.588	0.679	57	31	12.7	1448	206	657	7	16	0.93	1.46
car     	0.605	0.929	0.687	0.856	58317	0.580	0.408	1724	988	98.6	39511	5672	18257	549	536	1.05	1.55
motorcy 	0.388	1.322	0.504	0.789	1977	0.390	0.551	34	47	15.6	979	207	980	18	20	2.39	2.82
pedestr 	0.252	1.542	0.438	0.653	25423	0.253	0.643	273	786	79.8	9856	3424	14276	1291	440	1.95	2.89
trailer 	0.124	1.519	0.218	0.583	2425	0.126	0.941	22	107	21.8	525	219	1896	4	6	1.06	1.38
truck   	0.306	1.315	0.534	0.625	9650	0.322	0.561	170	190	49.1	4982	1870	4498	170	127	1.64	2.60

Aggregated results:
AMOTA	0.369
AMOTP	1.305
RECALL	0.500
MOTAR	0.722
GT	14556
MOTA	0.365
MOTP	0.611
MT	2310
ML	2218
FAF	42.2
TP	58148
FP	11857
FN	41695
IDS	2054
FRAG	1152
TID	1.59
LGD	2.17
Eval time: 1614.8s

