
### Final results ###

Per-class results:
		AMOTA	AMOTP	RECALL	MOTAR	GT	MOTA	MOTP	MT	ML	FAF	TP	FP	FN	IDS	FRAG	TID	LGD
bicycle 	0.052	1.617	0.345	0.250	58	0.086	0.593	1	5	35.7	20	15	38	0	3	0.83	1.50
bus     	0.312	1.461	0.500	0.690	86	0.337	0.883	2	1	20.3	42	13	43	1	4	2.00	2.50
car     	0.476	1.052	0.641	0.778	2729	0.459	0.389	58	34	220.4	1610	357	981	138	78	1.61	2.08
motorcy 	0.369	1.463	0.441	0.980	238	0.420	0.606	1	3	3.2	102	2	133	3	2	4.56	4.56
pedestr 	0.301	1.436	0.451	0.757	1470	0.273	0.830	6	33	99.2	530	129	807	133	33	3.37	3.78
trailer 	0.443	1.814	0.732	0.633	41	0.463	1.735	0	0	26.8	30	11	11	0	2	2.00	3.00
truck   	0.179	1.402	0.469	0.623	177	0.271	0.419	2	5	24.2	77	29	94	6	4	1.67	2.58

Aggregated results:
AMOTA	0.305
AMOTP	1.464
RECALL	0.511
MOTAR	0.673
GT	685
MOTA	0.330
MOTP	0.779
MT	70
ML	81
FAF	61.4
TP	2411
FP	556
FN	2107
IDS	281
FRAG	126
TID	2.29
LGD	2.86
Eval time: 30.9s

