
### Final results ###

Per-class results:
		AMOTA	AMOTP	RECALL	MOTAR	GT	MOTA	MOTP	MT	ML	FAF	TP	FP	FN	IDS	FRAG	TID	LGD
bicycle 	0.276	1.516	0.387	0.868	1993	0.314	0.432	21	78	6.9	720	95	1222	51	55	1.99	2.55
bus     	0.479	1.298	0.563	0.941	2112	0.509	0.603	34	35	4.4	1144	68	923	45	58	1.47	2.37
car     	0.481	1.170	0.560	0.940	58317	0.507	0.384	1136	1410	32.8	31468	1881	25640	1209	1279	1.37	2.13
motorcy 	0.340	1.431	0.433	0.940	1977	0.378	0.432	24	50	3.7	795	48	1121	61	66	2.24	2.84
pedestr 	0.238	1.507	0.354	0.674	25423	0.215	0.693	183	942	61.5	8099	2638	16419	905	590	2.32	3.48
trailer 	0.093	1.833	0.154	0.822	2425	0.124	0.624	9	106	6.6	365	65	2051	9	11	2.27	5.76
truck   	0.248	1.504	0.404	0.751	9650	0.284	0.529	96	261	24.7	3651	908	5756	243	271	2.01	3.26

Aggregated results:
AMOTA	0.308
AMOTP	1.465
RECALL	0.408
MOTAR	0.848
GT	14556
MOTA	0.333
MOTP	0.528
MT	1503
ML	2882
FAF	20.1
TP	46242
FP	5703
FN	53132
IDS	2523
FRAG	2330
TID	1.95
LGD	3.20
Eval time: 1282.8s

