### Final results ###

Per-class results:
		AMOTA	AMOTP	RECALL	MOTAR	GT	MOTA	MOTP	MT	ML	FAF	TP	FP	FN	IDS	FRAG	TID	LGD
bicycle 	0.000	1.026	0.759	0.000	58	0.000	0.608	4	2	134.4	42	86	14	2	1	0.71	0.79
bus     	0.000	1.588	0.547	0.000	86	0.000	0.969	2	0	101.1	40	95	39	7	2	0.00	3.90
car     	0.377	0.546	0.877	0.503	2729	0.395	0.062	122	22	656.8	2141	1064	336	252	6	0.06	0.83
motorcy 	0.652	0.249	0.971	0.724	238	0.672	0.054	11	0	85.9	221	61	7	10	1	0.23	0.32
pedestr 	0.709	0.482	0.997	0.746	1470	0.712	0.402	85	0	273.8	1403	356	4	63	2	0.01	0.02
trailer 	1.000	0.000	1.000	1.000	41	1.000	0.000	1	0	0.0	41	0	0	0	0	0.00	0.00
truck   	0.000	0.739	0.774	0.000	177	0.000	0.061	5	2	213.7	120	327	40	17	1	0.38	2.00

Aggregated results:
AMOTA	0.391
AMOTP	0.661
RECALL	0.846
MOTAR	0.425
GT	685
MOTA	0.397
MOTP	0.308
MT	230
ML	26
FAF	209.4
TP	4008
FP	1989
FN	440
IDS	351
FRAG	13
TID	0.20
LGD	1.12
Eval time: 6.7s

