
### Final results ###

Per-class results:
		AMOTA	AMOTP	RECALL	MOTAR	GT	MOTA	MOTP	MT	ML	FAF	TP	FP	FN	IDS	FRAG	TID	LGD
bicycle 	0.277	1.511	0.398	0.875	1993	0.313	0.436	24	76	6.5	712	89	1199	82	58	1.89	2.45
bus     	0.481	1.300	0.562	0.945	2112	0.511	0.601	34	35	4.1	1143	63	925	44	56	1.53	2.42
car     	0.486	1.165	0.562	0.952	58317	0.514	0.372	1172	1392	26.1	31491	1499	25530	1296	1223	1.37	2.12
motorcy 	0.340	1.434	0.454	0.942	1977	0.377	0.452	24	47	3.5	792	46	1079	106	68	2.30	2.94
pedestr 	0.260	1.486	0.366	0.722	25423	0.236	0.627	216	971	53.7	8302	2305	16124	997	424	1.95	3.32
trailer 	0.093	1.829	0.208	0.659	2425	0.128	0.699	10	92	16.0	472	161	1920	33	37	2.96	4.85
truck   	0.253	1.505	0.404	0.768	9650	0.291	0.521	98	259	23.0	3658	847	5755	237	257	1.91	3.17

Aggregated results:
AMOTA	0.313
AMOTP	1.462
RECALL	0.422
MOTAR	0.838
GT	14556
MOTA	0.339
MOTP	0.530
MT	1578
ML	2872
FAF	19.0
TP	46570
FP	5010
FN	52532
IDS	2795
FRAG	2123
TID	1.99
LGD	3.04
Eval time: 1280.9s

