
### Final results ###

Per-class results:
		AMOTA	AMOTP	RECALL	MOTAR	GT	MOTA	MOTP	MT	ML	FAF	TP	FP	FN	IDS	FRAG	TID	LGD
bicycle 	0.315	1.392	0.466	0.742	1993	0.342	0.443	32	63	16.5	918	237	1064	11	5	2.08	2.44
bus     	0.663	1.004	0.681	0.863	2112	0.586	0.633	59	33	12.2	1434	197	673	5	16	0.79	1.37
car     	0.607	0.907	0.687	0.861	58317	0.583	0.367	1737	1003	95.5	39503	5499	18276	538	526	1.05	1.54
motorcy 	0.436	1.244	0.528	0.834	1977	0.430	0.487	36	46	12.7	1020	169	933	24	18	2.26	2.69
pedestr 	0.274	1.500	0.433	0.671	25423	0.261	0.609	260	794	75.7	9883	3248	14414	1126	439	2.01	2.95
trailer 	0.153	1.506	0.247	0.584	2425	0.143	0.955	23	104	24.2	594	247	1826	5	3	1.18	1.50
truck   	0.308	1.299	0.535	0.644	9650	0.333	0.537	173	189	46.8	4992	1779	4491	167	121	1.62	2.58

Aggregated results:
AMOTA	0.394
AMOTP	1.265
RECALL	0.511
MOTAR	0.743
GT	14556
MOTA	0.383
MOTP	0.576
MT	2320
ML	2232
FAF	40.5
TP	58344
FP	11376
FN	41677
IDS	1876
FRAG	1128
TID	1.57
LGD	2.15
Eval time: 1668.4s

