
### Final results ###

Per-class results:
		AMOTA	AMOTP	RECALL	MOTAR	GT	MOTA	MOTP	MT	ML	FAF	TP	FP	FN	IDS	FRAG	TID	LGD
bicycle 	0.018	1.959	0.325	0.728	1993	0.075	0.351	11	84	4.1	206	56	1345	442	65	1.70	2.58
bus     	0.237	1.642	0.541	0.915	2112	0.285	0.594	30	34	3.6	658	56	970	484	61	1.12	2.41
car     	0.268	1.490	0.526	0.840	58317	0.287	0.332	1014	1571	55.5	19920	3179	27625	10772	1026	1.49	2.37
motorcy 	0.049	1.917	0.321	0.965	1977	0.126	0.350	13	69	0.7	259	9	1343	375	76	2.19	3.24
pedestr 	0.000	1.962	0.484	0.000	25423	0.000	0.489	345	692	132.3	2848	5692	13129	9446	1059	1.50	2.46
trailer 	0.029	1.932	0.192	0.556	2425	0.072	0.674	7	92	13.9	315	140	1959	151	37	2.94	4.98
truck   	0.147	1.690	0.347	0.709	9650	0.174	0.482	77	283	18.9	2372	690	6304	974	188	2.07	3.65

Aggregated results:
AMOTA	0.107
AMOTP	1.799
RECALL	0.391
MOTAR	0.673
GT	14556
MOTA	0.146
MOTP	0.468
MT	1497
ML	2825
FAF	32.7
TP	26578
FP	9822
FN	52675
IDS	22644
FRAG	2512
TID	1.86
LGD	3.10
Eval time: 669.1s

