
### Final results ###

Per-class results:
		AMOTA	AMOTP	RECALL	MOTAR	GT	MOTA	MOTP	MT	ML	FAF	TP	FP	FN	IDS	FRAG	TID	LGD
bicycle 	0.280	1.514	0.394	0.872	1993	0.311	0.419	23	76	6.6	711	91	1208	74	59	1.92	2.48
bus     	0.480	1.294	0.563	0.947	2112	0.513	0.594	34	34	4.0	1144	61	923	45	53	1.42	2.36
car     	0.463	1.196	0.559	0.960	58317	0.498	0.330	1166	1455	21.4	30294	1226	25739	2284	846	1.38	2.21
motorcy 	0.363	1.392	0.459	0.951	1977	0.403	0.442	27	46	3.1	838	41	1069	70	68	2.18	2.82
pedestr 	0.256	1.519	0.369	0.736	25423	0.242	0.633	210	957	51.4	8352	2205	16032	1039	450	1.90	3.34
trailer 	0.096	1.832	0.181	0.781	2425	0.134	0.638	12	97	9.2	415	91	1986	24	20	2.00	4.94
truck   	0.253	1.503	0.406	0.769	9650	0.290	0.504	100	255	22.9	3646	843	5732	272	261	1.94	3.18

Aggregated results:
AMOTA	0.313
AMOTP	1.464
RECALL	0.419
MOTAR	0.859
GT	14556
MOTA	0.342
MOTP	0.508
MT	1572
ML	2920
FAF	16.9
TP	45400
FP	4558
FN	52689
IDS	3808
FRAG	1757
TID	1.82
LGD	3.05
Eval time: 1228.4s

