
### Final results ###

Per-class results:
		AMOTA	AMOTP	RECALL	MOTAR	GT	MOTA	MOTP	MT	ML	FAF	TP	FP	FN	IDS	FRAG	TID	LGD
bicycle 	0.162	1.708	0.314	0.918	1993	0.207	0.357	10	91	2.7	450	37	1368	175	46	1.99	2.80
bus     	0.457	1.330	0.584	0.939	2112	0.485	0.609	37	32	4.3	1090	66	879	143	63	1.26	2.25
car     	0.390	1.331	0.556	0.953	58317	0.430	0.365	1136	1457	21.8	26329	1249	25872	6116	916	1.38	2.19
motorcy 	0.245	1.590	0.416	0.943	1977	0.292	0.411	21	55	2.7	612	35	1154	211	67	2.09	2.86
pedestr 	0.185	1.607	0.343	0.741	25423	0.191	0.581	177	977	39.6	6553	1696	16708	2162	652	1.95	3.42
trailer 	0.093	1.833	0.223	0.638	2425	0.124	0.726	10	89	16.8	470	170	1885	70	42	2.88	4.61
truck   	0.212	1.581	0.389	0.769	9650	0.257	0.513	92	263	20.3	3222	745	5899	529	193	1.96	3.43

Aggregated results:
AMOTA	0.249
AMOTP	1.569
RECALL	0.403
MOTAR	0.843
GT	14556
MOTA	0.284
MOTP	0.509
MT	1483
ML	2964
FAF	15.5
TP	38726
FP	3998
FN	53765
IDS	9406
FRAG	1979
TID	1.93
LGD	3.08
Eval time: 1010.0s

