
### Final results ###

Per-class results:
		AMOTA	AMOTP	RECALL	MOTAR	GT	MOTA	MOTP	MT	ML	FAF	TP	FP	FN	IDS	FRAG	TID	LGD
bicycle 	0.278	1.515	0.391	0.876	1993	0.314	0.434	22	76	6.5	715	89	1214	64	57	1.97	2.52
bus     	0.480	1.299	0.564	0.942	2112	0.510	0.601	34	35	4.3	1143	66	921	48	59	1.56	2.46
car     	0.487	1.167	0.577	0.950	58317	0.512	0.376	1213	1333	27.6	31430	1580	24644	2243	1396	1.31	2.05
motorcy 	0.340	1.430	0.434	0.943	1977	0.379	0.433	24	50	3.5	795	45	1118	64	66	2.23	2.86
pedestr 	0.260	1.486	0.366	0.722	25423	0.236	0.627	216	971	53.7	8302	2305	16124	997	424	1.95	3.32
trailer 	0.094	1.832	0.181	0.758	2425	0.130	0.632	10	97	10.3	417	101	1987	21	19	2.20	5.07
truck   	0.252	1.505	0.407	0.761	9650	0.287	0.524	98	252	23.7	3642	871	5721	287	285	1.98	3.18

Aggregated results:
AMOTA	0.313
AMOTP	1.462
RECALL	0.417
MOTAR	0.850
GT	14556
MOTA	0.338
MOTP	0.518
MT	1617
ML	2814
FAF	18.5
TP	46444
FP	5057
FN	51729
IDS	3724
FRAG	2306
TID	1.89
LGD	3.07
Eval time: 1284.3s

