
### Final results ###

Per-class results:
		AMOTA	AMOTP	RECALL	MOTAR	GT	MOTA	MOTP	MT	ML	FAF	TP	FP	FN	IDS	FRAG	TID	LGD
bicycle 	0.226	1.207	0.190	1.000	58	0.190	0.405	1	6	0.0	11	0	47	0	0	0.75	0.75
bus     	0.751	0.934	0.826	0.900	86	0.733	0.673	3	0	10.9	70	7	15	1	3	1.00	1.00
car     	0.614	0.907	0.693	0.879	2729	0.595	0.371	70	28	138.3	1849	224	837	43	42	1.52	1.95
motorcy 	0.365	1.456	0.496	0.885	238	0.420	0.619	2	4	20.6	113	13	120	5	3	4.62	4.62
pedestr 	0.401	1.262	0.622	0.642	1470	0.348	0.656	23	26	219.2	796	285	555	119	38	1.71	2.29
trailer 	0.348	1.816	0.683	0.536	41	0.366	1.717	0	0	31.7	28	13	13	0	2	2.00	3.50
truck   	0.352	1.264	0.514	0.833	177	0.424	0.386	3	4	12.5	90	15	86	1	1	1.67	2.25

Aggregated results:
AMOTA	0.437
AMOTP	1.264
RECALL	0.575
MOTAR	0.811
GT	685
MOTA	0.439
MOTP	0.690
MT	102
ML	68
FAF	61.9
TP	2957
FP	557
FN	1673
IDS	169
FRAG	89
TID	1.90
LGD	2.34
Eval time: 34.9s

