
### Final results ###

Per-class results:
		AMOTA	AMOTP	RECALL	MOTAR	GT	MOTA	MOTP	MT	ML	FAF	TP	FP	FN	IDS	FRAG	TID	LGD
bicycle 	0.000	1.055	0.983	0.000	58	0.000	0.744	8	0	1318.0	47	1977	1	10	1	0.00	0.06
bus     	0.362	1.071	0.372	0.844	86	0.314	0.542	1	4	7.8	32	5	54	0	0	0.75	5.00
car     	0.250	0.777	0.703	0.425	2729	0.281	0.444	73	44	640.7	1804	1038	810	115	50	0.98	1.53
motorcy 	0.000	1.074	0.937	0.000	238	0.000	0.845	8	0	1259.8	202	1411	15	21	7	0.09	0.50
pedestr 	0.000	1.105	0.958	0.000	1470	0.000	0.715	74	1	8467.3	1150	12701	62	258	16	0.12	0.28
trailer 	0.019	1.736	0.610	0.120	41	0.073	1.727	0	0	50.0	25	22	16	0	10	1.50	1.50
truck   	0.064	1.073	0.435	0.286	177	0.124	0.909	2	7	45.5	77	55	100	0	1	0.00	1.50

Aggregated results:
AMOTA	0.099
AMOTP	1.127
RECALL	0.714
MOTAR	0.239
GT	685
MOTA	0.113
MOTP	0.847
MT	166
ML	56
FAF	1684.2
TP	3337
FP	17209
FN	1058
IDS	404
FRAG	85
TID	0.49
LGD	1.48
Eval time: 82.0s

