
### Final results ###

Per-class results:
		AMOTA	AMOTP	RECALL	MOTAR	GT	MOTA	MOTP	MT	ML	FAF	TP	FP	FN	IDS	FRAG	TID	LGD
bicycle 	0.254	1.428	0.517	0.552	58	0.276	0.765	2	4	31.7	29	13	28	1	3	0.75	1.12
bus     	0.714	1.030	0.802	0.868	86	0.686	0.722	3	0	14.1	68	9	17	1	3	1.00	1.10
car     	0.612	0.918	0.696	0.868	2729	0.589	0.402	70	28	151.2	1853	245	830	46	47	1.45	1.95
motorcy 	0.390	1.412	0.487	0.839	238	0.395	0.666	2	4	28.6	112	18	122	4	3	4.38	4.44
pedestr 	0.399	1.278	0.646	0.569	1470	0.327	0.698	26	27	280.0	844	364	521	105	31	1.52	2.15
trailer 	0.443	1.818	0.732	0.633	41	0.463	1.740	0	0	26.8	30	11	11	0	2	2.00	3.00
truck   	0.375	1.292	0.514	0.844	177	0.429	0.425	3	4	11.7	90	14	86	1	1	1.67	2.25

Aggregated results:
AMOTA	0.455
AMOTP	1.311
RECALL	0.628
MOTAR	0.739
GT	685
MOTA	0.452
MOTP	0.774
MT	106
ML	67
FAF	77.7
TP	3026
FP	674
FN	1615
IDS	158
FRAG	90
TID	1.82
LGD	2.29
Eval time: 35.1s

